z_by_lambda_0 V_re V_im I_re I_im Z_rel_re Z_rel_im
-2.000000 1.161044e+01 -1.907039e-01 -9.251484e-02 6.649571e-03 -3.318039e-01 -1.837700e-02
-1.992491 1.161173e+01 1.463113e+00 -9.325561e-02 -6.539875e-03 -3.318039e-01 -1.837700e-02
-1.984981 1.137750e+01 3.113427e+00 -9.211648e-02 -1.980542e-02 -3.318039e-01 -1.837700e-02
-1.977472 1.090877e+01 4.726708e+00 -8.909080e-02 -3.287919e-02 -3.318039e-01 -1.837700e-02
-1.969962 1.021135e+01 6.269645e+00 -8.421009e-02 -4.549294e-02 -3.318039e-01 -1.837700e-02
-1.962453 9.295766e+00 7.709827e+00 -7.754398e-02 -5.738355e-02 -3.318039e-01 -1.837700e-02
-1.954944 8.177129e+00 9.016415e+00 -6.919944e-02 -6.829837e-02 -3.318039e-01 -1.837700e-02
-1.947434 6.874918e+00 1.016079e+01 -5.931917e-02 -7.800056e-02 -3.318039e-01 -1.837700e-02
-1.939925 5.412645e+00 1.111718e+01 -4.807926e-02 -8.627412e-02 -3.318039e-01 -1.837700e-02
-1.932416 3.817435e+00 1.186319e+01 -3.568620e-02 -9.292861e-02 -3.318039e-01 -1.837700e-02
-1.924906 2.119544e+00 1.238038e+01 -2.237313e-02 -9.780344e-02 -3.318039e-01 -1.837700e-02
-1.917397 3.517851e-01 1.265463e+01 -8.395514e-03 -1.007716e-01 -3.318039e-01 -1.837700e-02
-1.909887 -1.451088e+00 1.267652e+01 5.973626e-03 -1.017426e-01 -3.318039e-01 -1.837700e-02
-1.902378 -3.253062e+00 1.244163e+01 2.044902e-02 -1.006652e-01 -3.318039e-01 -1.837700e-02
-1.894869 -5.017570e+00 1.195065e+01 3.473873e-02 -9.752877e-02 -3.318039e-01 -1.837700e-02
-1.887359 -6.708228e+00 1.120949e+01 4.854996e-02 -9.236444e-02 -3.318039e-01 -1.837700e-02
-1.879850 -8.289573e+00 1.022922e+01 6.159498e-02 -8.524483e-02 -3.318039e-01 -1.837700e-02
-1.872340 -9.727798e+00 9.025944e+00 7.359706e-02 -7.628340e-02 -3.318039e-01 -1.837700e-02
-1.864831 -1.099146e+01 7.620537e+00 8.429623e-02 -6.563277e-02 -3.318039e-01 -1.837700e-02
-1.857322 -1.205218e+01 6.038309e+00 9.345486e-02 -5.348226e-02 -3.318039e-01 -1.837700e-02
-1.849812 -1.288521e+01 4.308556e+00 1.008628e-01 -4.005459e-02 -3.318039e-01 -1.837700e-02
-1.842303 -1.347006e+01 2.464029e+00 1.063420e-01 -2.560191e-02 -3.318039e-01 -1.837700e-02
-1.834793 -1.379093e+01 5.403267e-01 1.097509e-01 -1.040116e-02 -3.318039e-01 -1.837700e-02
-1.827284 -1.383715e+01 -1.424783e+00 1.109875e-01 5.251154e-03 -3.318039e-01 -1.837700e-02
-1.819775 -1.360341e+01 -3.392095e+00 1.099924e-01 2.104469e-02 -3.318039e-01 -1.837700e-02
-1.812265 -1.309005e+01 -5.321737e+00 1.067504e-01 3.666132e-02 -3.318039e-01 -1.837700e-02
-1.804756 -1.230303e+01 -7.173974e+00 1.012917e-01 5.178147e-02 -3.318039e-01 -1.837700e-02
-1.797247 -1.125400e+01 -8.910007e+00 9.369201e-02 6.609058e-02 -3.318039e-01 -1.837700e-02
-1.789737 -9.960086e+00 -1.049278e+01 8.407156e-02 7.928557e-02 -3.318039e-01 -1.837700e-02
-1.782228 -8.443659e+00 -1.188777e+01 7.259351e-02 9.108114e-02 -3.318039e-01 -1.837700e-02
-1.774718 -6.731958e+00 -1.306371e+01 5.946127e-02 1.012159e-01 -3.318039e-01 -1.837700e-02
-1.767209 -4.856612e+00 -1.399326e+01 4.491506e-02 1.094580e-01 -3.318039e-01 -1.837700e-02
-1.759700 -2.853070e+00 -1.465369e+01 2.922754e-02 1.156102e-01 -3.318039e-01 -1.837700e-02
-1.752190 -7.599457e-01 -1.502733e+01 1.269888e-02 1.195147e-01 -3.318039e-01 -1.837700e-02
-1.744681 1.381723e+00 -1.510206e+01 -4.348985e-03 1.210568e-01 -3.318039e-01 -1.837700e-02
-1.737171 3.529261e+00 -1.487164e+01 -2.157845e-02 1.201677e-01 -3.318039e-01 -1.837700e-02
-1.729662 5.639201e+00 -1.433591e+01 -3.864292e-02 1.168270e-01 -3.318039e-01 -1.837700e-02
-1.722153 7.668148e+00 -1.350091e+01 -5.519362e-02 1.110637e-01 -3.318039e-01 -1.837700e-02
-1.714643 9.573665e+00 -1.237884e+01 -7.088672e-02 1.029563e-01 -3.318039e-01 -1.837700e-02
-1.707134 1.131515e+01 -1.098791e+01 -8.539031e-02 9.263223e-02 -3.318039e-01 -1.837700e-02
-1.699625 1.285467e+01 -9.352085e+00 -9.839137e-02 8.026575e-02 -3.318039e-01 -1.837700e-02
-1.692115 1.415781e+01 -7.500667e+00 -1.096024e-01 6.607540e-02 -3.318039e-01 -1.837700e-02
-1.684606 1.519440e+01 -5.467801e+00 -1.187677e-01 5.032017e-02 -3.318039e-01 -1.837700e-02
-1.677096 1.593919e+01 -3.291849e+00 -1.256689e-01 3.329485e-02 -3.318039e-01 -1.837700e-02
-1.669587 1.637245e+01 -1.014684e+00 -1.301302e-01 1.532471e-02 -3.318039e-01 -1.837700e-02
-1.662078 1.648046e+01 1.319105e+00 -1.320225e-01 -3.240704e-03 -3.318039e-01 -1.837700e-02
-1.654568 1.625588e+01 3.663074e+00 -1.312668e-01 -2.203423e-02 -3.318039e-01 -1.837700e-02
-1.647059 1.569802e+01 5.969840e+00 -1.278365e-01 -4.067825e-02 -3.318039e-01 -1.837700e-02
-1.639549 1.481289e+01 8.192021e+00 -1.217588e-01 -5.879224e-02 -3.318039e-01 -1.837700e-02
-1.632040 1.361330e+01 1.028320e+01 -1.131152e-01 -7.600036e-02 -3.318039e-01 -1.837700e-02
-1.624531 1.211857e+01 1.219890e+01 -1.020402e-01 -9.193922e-02 -3.318039e-01 -1.837700e-02
-1.617021 1.035438e+01 1.389747e+01 -8.872016e-02 -1.062654e-01 -3.318039e-01 -1.837700e-02
-1.609512 8.352226e+00 1.534102e+01 -7.338966e-02 -1.186629e-01 -3.318039e-01 -1.837700e-02
-1.602003 6.148967e+00 1.649623e+01 -5.632786e-02 -1.288495e-01 -3.318039e-01 -1.837700e-02
-1.594493 3.786109e+00 1.733512e+01 -3.785344e-02 -1.365838e-01 -3.318039e-01 -1.837700e-02
-1.586984 1.309054e+00 1.783565e+01 -1.831879e-02 -1.416700e-01 -3.318039e-01 -1.837700e-02
-1.579474 -1.233760e+00 1.798232e+01 1.896624e-03 -1.439630e-01 -3.318039e-01 -1.837700e-02
-1.571965 -3.791794e+00 1.776656e+01 2.239353e-02 -1.433721e-01 -3.318039e-01 -1.837700e-02
-1.564456 -6.313401e+00 1.718699e+01 4.276061e-02 -1.398636e-01 -3.318039e-01 -1.837700e-02
-1.556946 -8.746855e+00 1.624963e+01 6.258268e-02 -1.334626e-01 -3.318039e-01 -1.837700e-02
-1.549437 -1.104140e+01 1.496782e+01 8.144903e-02 -1.242530e-01 -3.318039e-01 -1.837700e-02
-1.541927 -1.314830e+01 1.336211e+01 9.896185e-02 -1.123774e-01 -3.318039e-01 -1.837700e-02
-1.534418 -1.502183e+01 1.145994e+01 1.147445e-01 -9.803422e-02 -3.318039e-01 -1.837700e-02
-1.526909 -1.662032e+01 9.295207e+00 1.284494e-01 -8.147550e-02 -3.318039e-01 -1.837700e-02
-1.519399 -1.790697e+01 6.907667e+00 1.397657e-01 -6.300202e-02 -3.318039e-01 -1.837700e-02
-1.511890 -1.885076e+01 4.342221e+00 1.484261e-01 -4.295821e-02 -3.318039e-01 -1.837700e-02
-1.504380 -1.942710e+01 1.648092e+00 1.542128e-01 -2.172577e-02 -3.318039e-01 -1.837700e-02
-1.496871 -1.961851e+01 -1.122109e+00 1.569631e-01 2.834086e-04 -3.318039e-01 -1.837700e-02
-1.489362 -1.941500e+01 -3.913393e+00 1.565729e-01 2.263519e-02 -3.318039e-01 -1.837700e-02
-1.481852 -1.881444e+01 -6.669477e+00 1.530006e-01 4.488161e-02 -3.318039e-01 -1.837700e-02
-1.474343 -1.782275e+01 -9.333896e+00 1.462683e-01 6.656973e-02 -3.318039e-01 -1.837700e-02
-1.466834 -1.645383e+01 -1.185115e+01 1.364624e-01 8.725080e-02 -3.318039e-01 -1.837700e-02
-1.459324 -1.472949e+01 -1.416786e+01 1.237333e-01 1.064894e-01 -3.318039e-01 -1.837700e-02
-1.451815 -1.267909e+01 -1.623385e+01 1.082929e-01 1.238724e-01 -3.318039e-01 -1.837700e-02
-1.444305 -1.033904e+01 -1.800325e+01 9.041147e-02 1.390179e-01 -3.318039e-01 -1.837700e-02
-1.436796 -7.752238e+00 -1.943547e+01 7.041307e-02 1.515832e-01 -3.318039e-01 -1.837700e-02
-1.429287 -4.967244e+00 -2.049612e+01 4.866987e-02 1.612726e-01 -3.318039e-01 -1.837700e-02
-1.421777 -2.037414e+00 -2.115780e+01 2.559530e-02 1.678441e-01 -3.318039e-01 -1.837700e-02
-1.414268 9.801161e-01 -2.140080e+01 1.636332e-03 1.711149e-01 -3.318039e-01 -1.837700e-02
-1.406758 4.025524e+00 -2.121353e+01 -2.273504e-02 1.709666e-01 -3.318039e-01 -1.837700e-02
-1.399249 7.037479e+00 -2.059300e+01 -4.703098e-02 1.673481e-01 -3.318039e-01 -1.837700e-02
-1.391740 9.954354e+00 -1.954493e+01 -7.075747e-02 1.602777e-01 -3.318039e-01 -1.837700e-02
-1.384230 1.271548e+01 -1.808382e+01 -9.342422e-02 1.498442e-01 -3.318039e-01 -1.837700e-02
-1.376721 1.526238e+01 -1.623277e+01 -1.145547e-01 1.362062e-01 -3.318039e-01 -1.837700e-02
-1.369212 1.754001e+01 -1.402315e+01 -1.336959e-01 1.195894e-01 -3.318039e-01 -1.837700e-02
-1.361702 1.949789e+01 -1.149410e+01 -1.504282e-01 1.002839e-01 -3.318039e-01 -1.837700e-02
-1.354193 2.109127e+01 -8.691880e+00 -1.643740e-01 7.863860e-02 -3.318039e-01 -1.837700e-02
-1.346683 2.228204e+01 -5.668997e+00 -1.752062e-01 5.505559e-02 -3.318039e-01 -1.837700e-02
-1.339174 2.303968e+01 -2.483277e+00 -1.826560e-01 2.998255e-02 -3.318039e-01 -1.837700e-02
-1.331665 2.334197e+01 8.032360e-01 -1.865187e-01 3.904504e-03 -3.318039e-01 -1.837700e-02
-1.324155 2.317557e+01 4.125473e+00 -1.866590e-01 -2.266549e-02 -3.318039e-01 -1.837700e-02
-1.316646 2.253644e+01 7.416610e+00 -1.830154e-01 -4.919627e-02 -3.318039e-01 -1.837700e-02
-1.309136 2.143005e+01 1.060940e+01 -1.756017e-01 -7.514906e-02 -3.318039e-01 -1.837700e-02
-1.301627 1.987145e+01 1.363751e+01 -1.645088e-01 -9.998826e-02 -3.318039e-01 -1.837700e-02
-1.294118 1.788511e+01 1.643693e+01 -1.499033e-01 -1.231924e-01 -3.318039e-01 -1.837700e-02
-1.286608 1.550455e+01 1.894724e+01 -1.320259e-01 -1.442649e-01 -3.318039e-01 -1.837700e-02
-1.279099 1.277180e+01 2.111295e+01 -1.111876e-01 -1.627447e-01 -3.318039e-01 -1.837700e-02
-1.271589 9.736741e+00 2.288468e+01 -8.776408e-02 -1.782157e-01 -3.318039e-01 -1.837700e-02
-1.264080 6.456138e+00 2.422025e+01 -6.218958e-02 -1.903167e-01 -3.318039e-01 -1.837700e-02
-1.256571 2.992653e+00 2.508566e+01 -3.494884e-02 -1.987487e-01 -3.318039e-01 -1.837700e-02
-1.249061 -5.863547e-01 2.545593e+01 -6.568027e-03 -2.032827e-01 -3.318039e-01 -1.837700e-02
-1.241552 -4.210115e+00 2.531570e+01 2.239521e-02 -2.037651e-01 -3.318039e-01 -1.837700e-02
-1.234043 -7.805830e+00 2.465975e+01 5.136258e-02 -2.001218e-01 -3.318039e-01 -1.837700e-02
-1.226533 -1.130012e+01 2.349320e+01 7.974658e-02 -1.923615e-01 -3.318039e-01 -1.837700e-02
-1.219024 -1.462050e+01 2.183165e+01 1.069622e-01 -1.805765e-01 -3.318039e-01 -1.837700e-02
-1.211514 -1.769687e+01 1.970095e+01 1.324390e-01 -1.649421e-01 -3.318039e-01 -1.837700e-02
-1.204005 -2.046296e+01 1.713692e+01 1.556325e-01 -1.457144e-01 -3.318039e-01 -1.837700e-02
-1.196496 -2.285775e+01 1.418469e+01 1.760362e-01 -1.232268e-01 -3.318039e-01 -1.837700e-02
-1.188986 -2.482679e+01 1.089801e+01 1.931921e-01 -9.788365e-02 -3.318039e-01 -1.837700e-02
-1.181477 -2.632341e+01 7.338251e+00 2.067008e-01 -7.015389e-02 -3.318039e-01 -1.837700e-02
-1.173967 -2.730975e+01 3.573299e+00 2.162305e-01 -4.056221e-02 -3.318039e-01 -1.837700e-02
-1.166458 -2.775775e+01 -3.237252e-01 2.215249e-01 -9.679397e-03 -3.318039e-01 -1.837700e-02
-1.158949 -2.764980e+01 -4.275862e+00 2.224096e-01 2.188855e-02 -3.318039e-01 -1.837700e-02
-1.151439 -2.697927e+01 -8.203819e+00 2.187970e-01 5.351215e-02 -3.318039e-01 -1.837700e-02
-1.143930 -2.575088e+01 -1.202754e+01 2.106890e-01 8.455081e-02 -3.318039e-01 -1.837700e-02
-1.136421 -2.398071e+01 -1.566780e+01 1.981789e-01 1.143657e-01 -3.318039e-01 -1.837700e-02
-1.128911 -2.169609e+01 -1.904787e+01 1.814510e-01 1.423326e-01 -3.318039e-01 -1.837700e-02
-1.121402 -1.893521e+01 -2.209507e+01 1.607777e-01 1.678551e-01 -3.318039e-01 -1.837700e-02
-1.113892 -1.574656e+01 -2.474231e+01 1.365159e-01 1.903766e-01 -3.318039e-01 -1.837700e-02
-1.106383 -1.218802e+01 -2.692957e+01 1.091010e-01 2.093930e-01 -3.318039e-01 -1.837700e-02
-1.098874 -8.325942e+00 -2.860521e+01 7.903914e-02 2.244630e-01 -3.318039e-01 -1.837700e-02
-1.091364 -4.233847e+00 -2.972712e+01 4.689822e-02 2.352184e-01 -3.318039e-01 -1.837700e-02
-1.083855 8.895656e-03 -3.026380e+01 1.329730e-02 2.413728e-01 -3.318039e-01 -1.837700e-02
-1.076345 4.318610e+00 -3.019509e+01 -2.110516e-02 2.427285e-01 -3.318039e-01 -1.837700e-02
-1.068836 8.608935e+00 -2.951281e+01 -5.562403e-02 2.391821e-01 -3.318039e-01 -1.837700e-02
-1.061327 1.279254e+01 -2.822108e+01 -8.956094e-02 2.307280e-01 -3.318039e-01 -1.837700e-02
-1.053817 1.678287e+01 -2.633646e+01 -1.222183e-01 2.174598e-01 -3.318039e-01 -1.837700e-02
-1.046308 2.049593e+01 -2.388780e+01 -1.529134e-01 1.995706e-01 -3.318039e-01 -1.837700e-02
-1.038798 2.385201e+01 -2.091583e+01 -1.809927e-01 1.773502e-01 -3.318039e-01 -1.837700e-02
-1.031289 2.677739e+01 -1.747256e+01 -2.058450e-01 1.511806e-01 -3.318039e-01 -1.837700e-02
-1.023780 2.920591e+01 -1.362038e+01 -2.269152e-01 1.215302e-01 -3.318039e-01 -1.837700e-02
-1.016270 3.108044e+01 -9.430940e+00 -2.437161e-01 8.894542e-02 -3.318039e-01 -1.837700e-02
-1.008761 3.235420e+01 -4.983895e+00 -2.558394e-01 5.404068e-02 -3.318039e-01 -1.837700e-02
-1.001252 3.299184e+01 -3.653702e-01 -2.629649e-01 1.748730e-02 -3.318039e-01 -1.837700e-02
-0.993742 3.297035e+01 4.333665e+00 -2.648692e-01 -1.999934e-02 -3.318039e-01 -1.837700e-02
-0.986233 3.227974e+01 9.019169e+00 -2.614310e-01 -5.767363e-02 -3.318039e-01 -1.837700e-02
-0.978723 3.092342e+01 1.359589e+01 -2.526353e-01 -9.477433e-02 -3.318039e-01 -1.837700e-02
-0.971214 2.891838e+01 1.796926e+01 -2.385759e-01 -1.305398e-01 -3.318039e-01 -1.837700e-02
-0.963705 2.629502e+01 2.204735e+01 -2.194547e-01 -1.642235e-01 -3.318039e-01 -1.837700e-02
-0.956195 2.309675e+01 2.574278e+01 -1.955793e-01 -1.951091e-01 -3.318039e-01 -1.837700e-02
-0.948686 1.937937e+01 2.897452e+01 -1.673589e-01 -2.225259e-01 -3.318039e-01 -1.837700e-02
-0.941176 1.521005e+01 3.166968e+01 -1.352970e-01 -2.458628e-01 -3.318039e-01 -1.837700e-02
-0.933667 1.066622e+01 3.376510e+01 -9.998325e-02 -2.645820e-01 -3.318039e-01 -1.837700e-02
-0.926158 5.834110e+00 3.520879e+01 -6.208250e-02 -2.782305e-01 -3.318039e-01 -1.837700e-02
-0.918648 8.071811e-01 3.596113e+01 -2.232257e-02 -2.864514e-01 -3.318039e-01 -1.837700e-02
-0.911139 -4.315684e+00 3.599594e+01 1.851945e-02 -2.889919e-01 -3.318039e-01 -1.837700e-02
-0.903630 -9.432090e+00 3.530115e+01 5.963225e-02 -2.857107e-01 -3.318039e-01 -1.837700e-02
-0.896120 -1.443815e+01 3.387930e+01 1.001861e-01 -2.765820e-01 -3.318039e-01 -1.837700e-02
-0.888611 -1.923058e+01 3.174773e+01 1.393497e-01 -2.616986e-01 -3.318039e-01 -1.837700e-02
-0.881101 -2.370878e+01 2.893844e+01 1.763065e-01 -2.412712e-01 -3.318039e-01 -1.837700e-02
-0.873592 -2.777694e+01 2.549769e+01 2.102720e-01 -2.156265e-01 -3.318039e-01 -1.837700e-02
-0.866083 -3.134606e+01 2.148528e+01 2.405098e-01 -1.852021e-01 -3.318039e-01 -1.837700e-02
-0.858573 -3.433583e+01 1.697355e+01 2.663477e-01 -1.505395e-01 -3.318039e-01 -1.837700e-02
-0.851064 -3.667644e+01 1.204611e+01 2.871918e-01 -1.122746e-01 -3.318039e-01 -1.837700e-02
-0.843554 -3.831014e+01 6.796338e+00 3.025403e-01 -7.112669e-02 -3.318039e-01 -1.837700e-02
-0.836045 -3.919261e+01 1.325615e+00 3.119950e-01 -2.788476e-02 -3.318039e-01 -1.837700e-02
-0.828536 -3.929404e+01 -4.258584e+00 3.152707e-01 1.660721e-02 -3.318039e-01 -1.837700e-02
-0.821026 -3.860003e+01 -9.844785e+00 3.122032e-01 6.146650e-02 -3.318039e-01 -1.837700e-02
-0.813517 -3.711206e+01 -1.531971e+01 3.027543e-01 1.057890e-01 -3.318039e-01 -1.837700e-02
-0.806008 -3.484775e+01 -2.057053e+01 2.870146e-01 1.486671e-01 -3.318039e-01 -1.837700e-02
-0.798498 -3.184073e+01 -2.548720e+01 2.652040e-01 1.892083e-01 -3.318039e-01 -1.837700e-02
-0.790989 -2.814026e+01 -2.996471e+01 2.376687e-01 2.265532e-01 -3.318039e-01 -1.837700e-02
-0.783479 -2.381041e+01 -3.390526e+01 2.048766e-01 2.598937e-01 -3.318039e-01 -1.837700e-02
-0.775970 -1.892905e+01 -3.722044e+01 1.674098e-01 2.884901e-01 -3.318039e-01 -1.837700e-02
-0.768461 -1.358647e+01 -3.983310e+01 1.259541e-01 3.116873e-01 -3.318039e-01 -1.837700e-02
-0.760951 -7.883737e+00 -4.167912e+01 8.128740e-02 3.289293e-01 -3.318039e-01 -1.837700e-02
-0.753442 -1.930829e+00 -4.270893e+01 3.426488e-02 3.397721e-01 -3.318039e-01 -1.837700e-02
-0.745932 4.155464e+00 -4.288872e+01 -1.419691e-02 3.438944e-01 -3.318039e-01 -1.837700e-02
-0.738423 1.025380e+01 -4.220138e+01 -6.313776e-02 3.411064e-01 -3.318039e-01 -1.837700e-02
-0.730914 1.624066e+01 -4.064714e+01 -1.115725e-01 3.313551e-01 -3.318039e-01 -1.837700e-02
-0.723404 2.199285e+01 -3.824380e+01 -1.585107e-01 3.147281e-01 -3.318039e-01 -1.837700e-02
-0.715895 2.738997e+01 -3.502667e+01 -2.029765e-01 2.914540e-01 -3.318039e-01 -1.837700e-02
-0.708385 3.231692e+01 -3.104813e+01 -2.440288e-01 2.618995e-01 -3.318039e-01 -1.837700e-02
-0.700876 3.666633e+01 -2.637683e+01 -2.807810e-01 2.265648e-01 -3.318039e-01 -1.837700e-02
-0.693367 4.034083e+01 -2.109656e+01 -3.124194e-01 1.860751e-01 -3.318039e-01 -1.837700e-02
-0.685857 4.325520e+01 -1.530479e+01 -3.382213e-01 1.411702e-01 -3.318039e-01 -1.837700e-02
-0.678348 4.533830e+01 -9.110904e+00 -3.575710e-01 9.269102e-02 -3.318039e-01 -1.837700e-02
-0.670839 4.653471e+01 -2.634174e+00 -3.699739e-01 4.156435e-02 -3.318039e-01 -1.837700e-02
-0.663329 4.680613e+01 3.998498e+00 -3.750684e-01 -1.121462e-02 -3.318039e-01 -1.837700e-02
-0.655820 4.613242e+01 1.065504e+01 -3.726356e-01 -6.460146e-02 -3.318039e-01 -1.837700e-02
-0.648310 4.451228e+01 1.720081e+01 -3.626056e-01 -1.175229e-01 -3.318039e-01 -1.837700e-02
-0.640801 4.196359e+01 2.350128e+01 -3.450616e-01 -1.688981e-01 -3.318039e-01 -1.837700e-02
-0.633292 3.852337e+01 2.942475e+01 -3.202407e-01 -2.176604e-01 -3.318039e-01 -1.837700e-02
-0.625782 3.424727e+01 3.484513e+01 -2.885310e-01 -2.627794e-01 -3.318039e-01 -1.837700e-02
-0.618273 2.920881e+01 3.964448e+01 -2.504667e-01 -3.032822e-01 -3.318039e-01 -1.837700e-02
-0.610763 2.349813e+01 4.371563e+01 -2.067195e-01 -3.382742e-01 -3.318039e-01 -1.837700e-02
-0.603254 1.722041e+01 4.696448e+01 -1.580867e-01 -3.669584e-01 -3.318039e-01 -1.837700e-02
-0.595745 1.049404e+01 4.931210e+01 -1.054775e-01 -3.886531e-01 -3.318039e-01 -1.837700e-02
-0.588235 3.448332e+00 5.069662e+01 -4.989608e-02 -4.028076e-01 -3.318039e-01 -1.837700e-02
-0.580726 -3.778834e+00 5.107471e+01 7.577157e-03 -4.090154e-01 -3.318039e-01 -1.837700e-02
-0.573217 -1.104374e+01 5.042276e+01 6.580635e-02 -4.070249e-01 -3.318039e-01 -1.837700e-02
-0.565707 -1.819961e+01 4.873771e+01 1.236223e-01 -3.967467e-01 -3.318039e-01 -1.837700e-02
-0.558198 -2.509957e+01 4.603738e+01 1.798458e-01 -3.782581e-01 -3.318039e-01 -1.837700e-02
-0.550688 -3.159962e+01 4.236046e+01 2.333111e-01 -3.518041e-01 -3.318039e-01 -1.837700e-02
-0.543179 -3.756157e+01 3.776610e+01 2.828900e-01 -3.177953e-01 -3.318039e-01 -1.837700e-02
-0.535670 -4.285597e+01 3.233297e+01 3.275154e-01 -2.768020e-01 -3.318039e-01 -1.837700e-02
-0.528160 -4.736486e+01 2.615799e+01 3.662037e-01 -2.295452e-01 -3.318039e-01 -1.837700e-02
-0.520651 -5.098435e+01 1.935468e+01 3.980762e-01 -1.768842e-01 -3.318039e-01 -1.837700e-02
-0.513141 -5.362695e+01 1.205109e+01 4.223784e-01 -1.198017e-01 -3.318039e-01 -1.837700e-02
-0.505632 -5.522359e+01 4.387456e+00 4.384976e-01 -5.938573e-02 -3.318039e-01 -1.837700e-02
-0.498123 -5.572533e+01 -3.486469e+00 4.459773e-01 3.191106e-03 -3.318039e-01 -1.837700e-02
-0.490613 -5.510465e+01 -1.141430e+01 4.445290e-01 6.669365e-02 -3.318039e-01 -1.837700e-02
-0.483104 -5.335640e+01 -1.923607e+01 4.340409e-01 1.298484e-01 -3.318039e-01 -1.837700e-02
-0.475594 -5.049817e+01 -2.679145e+01 4.145825e-01 1.913689e-01 -3.318039e-01 -1.837700e-02
-0.468085 -4.657039e+01 -3.392297e+01 3.864066e-01 2.499813e-01 -3.318039e-01 -1.837700e-02
-0.460576 -4.163579e+01 -4.047926e+01 3.499468e-01 3.044507e-01 -3.318039e-01 -1.837700e-02
-0.453066 -3.577853e+01 -4.631822e+01 3.058115e-01 3.536066e-01 -3.318039e-01 -1.837700e-02
-0.445557 -2.910283e+01 -5.131006e+01 2.547744e-01 3.963679e-01 -3.318039e-01 -1.837700e-02
-0.438048 -2.173114e+01 -5.534013e+01 1.977617e-01 4.317659e-01 -3.318039e-01 -1.837700e-02
-0.430538 -1.380197e+01 -5.831144e+01 1.358351e-01 4.589661e-01 -3.318039e-01 -1.837700e-02
-0.423029 -5.467335e+00 -6.014697e+01 7.017308e-02 4.772870e-01 -3.318039e-01 -1.837700e-02
-0.415519 3.110113e+00 -6.079152e+01 2.048374e-03 4.862164e-01 -3.318039e-01 -1.837700e-02
-0.408010 1.176023e+01 -6.021315e+01 -6.719612e-02 4.854246e-01 -3.318039e-01 -1.837700e-02
-0.400501 2.030872e+01 -5.840425e+01 -1.361736e-01 4.747738e-01 -3.318039e-01 -1.837700e-02
-0.392991 2.858055e+01 -5.538202e+01 -2.034805e-01 4.543239e-01 -3.318039e-01 -1.837700e-02
-0.385482 3.640357e+01 -5.118858e+01 -2.677254e-01 4.243347e-01 -3.318039e-01 -1.837700e-02
-0.377972 4.361198e+01 -4.589043e+01 -3.275564e-01 3.852635e-01 -3.318039e-01 -1.837700e-02
-0.370463 5.004985e+01 -3.957758e+01 -3.816901e-01 3.377591e-01 -3.318039e-01 -1.837700e-02
-0.362954 5.557438e+01 -3.236201e+01 -4.289383e-01 2.826517e-01 -3.318039e-01 -1.837700e-02
-0.355444 6.005907e+01 -2.437579e+01 -4.682336e-01 2.209386e-01 -3.318039e-01 -1.837700e-02
-0.347935 6.339648e+01 -1.576872e+01 -4.986531e-01 1.537672e-01 -3.318039e-01 -1.837700e-02
-0.340426 6.550076e+01 -6.705569e+00 -5.194392e-01 8.241351e-02 -3.318039e-01 -1.837700e-02
-0.332916 6.630970e+01 2.637047e+00 -5.300178e-01 8.258828e-03 -3.318039e-01 -1.837700e-02
-0.325407 6.578641e+01 1.207404e+01 -5.300128e-01 -6.723706e-02 -3.318039e-01 -1.837700e-02
-0.317897 6.392039e+01 2.141549e+01 -5.192567e-01 -1.425640e-01 -3.318039e-01 -1.837700e-02
-0.310388 6.072827e+01 3.047038e+01 -4.977977e-01 -2.161914e-01 -3.318039e-01 -1.837700e-02
-0.302879 5.625379e+01 3.905053e+01 -4.659015e-01 -2.865988e-01 -3.318039e-01 -1.837700e-02
-0.295369 5.056741e+01 4.697436e+01 -4.240500e-01 -3.523071e-01 -3.318039e-01 -1.837700e-02
-0.287860 4.376532e+01 5.407076e+01 -3.729346e-01 -4.119090e-01 -3.318039e-01 -1.837700e-02
-0.280350 3.596781e+01 6.018269e+01 -3.134453e-01 -4.640991e-01 -3.318039e-01 -1.837700e-02
-0.272841 2.731731e+01 6.517059e+01 -2.466566e-01 -5.077012e-01 -3.318039e-01 -1.837700e-02
-0.265332 1.797578e+01 6.891550e+01 -1.738074e-01 -5.416951e-01 -3.318039e-01 -1.837700e-02
-0.257822 8.121767e+00 7.132178e+01 -9.627968e-02 -5.652391e-01 -3.318039e-01 -1.837700e-02
-0.250313 -2.052951e+00 7.231943e+01 -1.557192e-02 -5.776903e-01 -3.318039e-01 -1.837700e-02
-0.242804 -1.234707e+01 7.186592e+01 6.672910e-02 -5.786205e-01 -3.318039e-01 -1.837700e-02
-0.235294 -2.255366e+01 6.994748e+01 1.489792e-01 -5.678285e-01 -3.318039e-01 -1.837700e-02
-0.227785 -3.246431e+01 6.657984e+01 2.295091e-01 -5.453476e-01 -3.318039e-01 -1.837700e-02
-0.220275 -4.187330e+01 6.180837e+01 3.066582e-01 -5.114490e-01 -3.318039e-01 -1.837700e-02
-0.212766 -5.058185e+01 5.570764e+01 3.788080e-01 -4.666394e-01 -3.318039e-01 -1.837700e-02
-0.205257 -5.840221e+01 4.838036e+01 4.444159e-01 -4.116551e-01 -3.318039e-01 -1.837700e-02
-0.197747 -6.516170e+01 3.995575e+01 5.020476e-01 -3.474505e-01 -3.318039e-01 -1.837700e-02
-0.190238 -7.070641e+01 3.058732e+01 5.504077e-01 -2.751818e-01 -3.318039e-01 -1.837700e-02
-0.182728 -7.490465e+01 2.045017e+01 5.883685e-01 -1.961875e-01 -3.318039e-01 -1.837700e-02
-0.175219 -7.764995e+01 9.737759e+00 6.149956e-01 -1.119633e-01 -3.318039e-01 -1.837700e-02
-0.167710 -7.886362e+01 -1.341726e+00 6.295693e-01 -2.413503e-02 -3.318039e-01 -1.837700e-02
-0.160200 -7.849681e+01 -1.256935e+01 6.316033e-01 6.557294e-02 -3.318039e-01 -1.837700e-02
-0.152691 -7.653193e+01 -2.371973e+01 6.208579e-01 1.553706e-01 -3.318039e-01 -1.837700e-02
-0.145181 -7.298357e+01 -3.456544e+01 5.973487e-01 2.434380e-01 -3.318039e-01 -1.837700e-02
-0.137672 -6.789861e+01 -4.488168e+01 5.613506e-01 3.279613e-01 -3.318039e-01 -1.837700e-02
-0.130163 -6.135590e+01 -5.445081e+01 5.133961e-01 4.071699e-01 -3.318039e-01 -1.837700e-02
-0.122653 -5.346508e+01 -6.306689e+01 4.542688e-01 4.793731e-01 -3.318039e-01 -1.837700e-02
-0.115144 -4.436486e+01 -7.054007e+01 3.849911e-01 5.429952e-01 -3.318039e-01 -1.837700e-02
-0.107635 -3.422069e+01 -7.670068e+01 3.068076e-01 5.966100e-01 -3.318039e-01 -1.837700e-02
-0.100125 -2.322183e+01 -8.140298e+01 2.211633e-01 6.389716e-01 -3.318039e-01 -1.837700e-02
-0.092616 -1.157784e+01 -8.452849e+01 1.296773e-01 6.690426e-01 -3.318039e-01 -1.837700e-02
-0.085106 4.852879e-01 -8.598888e+01 3.411294e-02 6.860185e-01 -3.318039e-01 -1.837700e-02
-0.077597 1.272950e+01 -8.572815e+01 -6.365593e-02 6.893476e-01 -3.318039e-01 -1.837700e-02
-0.070088 2.490930e+01 -8.372435e+01 -1.616810e-01 6.787465e-01 -3.318039e-01 -1.837700e-02
-0.062578 3.677661e+01 -7.999056e+01 -2.579780e-01 6.542096e-01 -3.318039e-01 -1.837700e-02
-0.055069 4.808575e+01 -7.457511e+01 -3.505662e-01 6.160143e-01 -3.318039e-01 -1.837700e-02
-0.047559 5.859851e+01 -6.756124e+01 -4.375089e-01 5.647189e-01 -3.318039e-01 -1.837700e-02
-0.040050 6.808902e+01 -5.906593e+01 -5.169530e-01 5.011568e-01 -3.318039e-01 -1.837700e-02
-0.032541 7.634861e+01 -4.923805e+01 -5.871685e-01 4.264230e-01 -3.318039e-01 -1.837700e-02
-0.025031 8.319024e+01 -3.825586e+01 -6.465851e-01 3.418567e-01 -3.318039e-01 -1.837700e-02
-0.017522 8.845271e+01 -2.632385e+01 -6.938265e-01 2.490175e-01 -3.318039e-01 -1.837700e-02
-0.010013 9.200426e+01 -1.366903e+01 -7.277418e-01 1.496578e-01 -3.318039e-01 -1.837700e-02
-0.002503 9.374578e+01 -5.366533e-01 -7.474322e-01 4.568984e-02 -3.318039e-01 -1.837700e-02
0.005006 9.398822e+01 1.279522e+01 -7.500212e-01 2.513802e-03 -3.324805e-01 -4.639822e-02
0.012516 9.392829e+01 2.610782e+01 -7.475846e-01 -9.256004e-03 -3.346039e-01 -8.855719e-02
0.020025 9.365929e+01 3.936231e+01 -7.434840e-01 -2.100521e-02 -3.380870e-01 -1.309813e-01
0.027534 9.318182e+01 5.252919e+01 -7.377285e-01 -3.270766e-02 -3.429827e-01 -1.737988e-01
0.035044 9.249695e+01 6.557915e+01 -7.303310e-01 -4.433731e-02 -3.493663e-01 -2.171407e-01
0.042553 9.160620e+01 7.848315e+01 -7.213080e-01 -5.586827e-02 -3.573380e-01 -2.611413e-01
0.050063 9.051155e+01 9.121245e+01 -7.106794e-01 -6.727488e-02 -3.670256e-01 -3.059388e-01
0.057572 8.921543e+01 1.037387e+02 -6.984690e-01 -7.853175e-02 -3.785892e-01 -3.516760e-01
0.065081 8.772074e+01 1.160341e+02 -6.847039e-01 -8.961382e-02 -3.922260e-01 -3.984996e-01
0.072591 8.603081e+01 1.280712e+02 -6.694148e-01 -1.004964e-01 -4.081767e-01 -4.465607e-01
0.080100 8.414938e+01 1.398233e+02 -6.526357e-01 -1.111554e-01 -4.267345e-01 -4.960128e-01
0.087610 8.208065e+01 1.512641e+02 -6.344040e-01 -1.215669e-01 -4.482549e-01 -5.470100e-01
0.095119 7.982923e+01 1.623682e+02 -6.147602e-01 -1.317078e-01 -4.731693e-01 -5.997024e-01
0.102628 7.740012e+01 1.731110e+02 -5.937481e-01 -1.415556e-01 -5.020012e-01 -6.542302e-01
0.110138 7.479873e+01 1.834684e+02 -5.714144e-01 -1.510883e-01 -5.353864e-01 -7.107126e-01
0.117647 7.203086e+01 1.934175e+02 -5.478089e-01 -1.602847e-01 -5.740982e-01 -7.692315e-01
0.125156 6.910266e+01 2.029360e+02 -5.229840e-01 -1.691243e-01 -6.190782e-01 -8.298075e-01
0.132666 6.602065e+01 2.120029e+02 -4.969950e-01 -1.775875e-01 -6.714729e-01 -8.923615e-01
0.140175 6.279169e+01 2.205979e+02 -4.698999e-01 -1.856554e-01 -7.326759e-01 -9.566588e-01
0.147685 5.942296e+01 2.287018e+02 -4.417588e-01 -1.933101e-01 -8.043749e-01 -1.022224e+00
0.155194 5.592198e+01 2.362968e+02 -4.126345e-01 -2.005345e-01 -8.885966e-01 -1.088218e+00
0.162703 5.229652e+01 2.433657e+02 -3.825917e-01 -2.073126e-01 -9.877376e-01 -1.153251e+00
0.170213 4.855466e+01 2.498930e+02 -3.516974e-01 -2.136292e-01 -1.104557e+00 -1.215121e+00
0.177722 4.470472e+01 2.558641e+02 -3.200202e-01 -2.194704e-01 -1.242083e+00 -1.270451e+00
0.185232 4.075529e+01 2.612656e+02 -2.876307e-01 -2.248230e-01 -1.403342e+00 -1.314202e+00
0.192741 3.671513e+01 2.660857e+02 -2.546010e-01 -2.296752e-01 -1.590790e+00 -1.339106e+00
0.200250 3.259326e+01 2.703135e+02 -2.210047e-01 -2.340162e-01 -1.805222e+00 -1.335148e+00
0.207760 2.839884e+01 2.739396e+02 -1.869164e-01 -2.378363e-01 -2.043990e+00 -1.289428e+00
0.215269 2.414121e+01 2.769560e+02 -1.524120e-01 -2.411271e-01 -2.298502e+00 -1.187085e+00
0.222778 1.982985e+01 2.793559e+02 -1.175685e-01 -2.438811e-01 -2.551597e+00 -1.014226e+00
0.230288 1.547435e+01 2.811340e+02 -8.246321e-02 -2.460924e-01 -2.776551e+00 -7.634853e-01
0.237797 1.108441e+01 2.822864e+02 -4.717441e-02 -2.477558e-01 -2.940383e+00 -4.411125e-01
0.245307 6.669791e+00 2.828105e+02 -1.178060e-02 -2.488678e-01 -3.013066e+00 -7.148901e-02
0.252816 2.240330e+00 2.827051e+02 2.363943e-02 -2.494259e-01 -2.979556e+00 3.062303e-01
0.260325 -2.194118e+00 2.819704e+02 5.900684e-02 -2.494288e-01 -2.846924e+00 6.501409e-01
0.267835 -6.623682e+00 2.806081e+02 9.424291e-02 -2.488765e-01 -2.640917e+00 9.293994e-01
0.275344 -1.103850e+01 2.786213e+02 1.292692e-01 -2.477703e-01 -2.394769e+00 1.131165e+00
0.282854 -1.542875e+01 2.760142e+02 1.640078e-01 -2.461125e-01 -2.138255e+00 1.258514e+00
0.290363 -1.978466e+01 2.727929e+02 1.983813e-01 -2.439070e-01 -1.892170e+00 1.323678e+00
0.297872 -2.409654e+01 2.689643e+02 2.323133e-01 -2.411586e-01 -1.668047e+00 1.341637e+00
0.305382 -2.835478e+01 2.645371e+02 2.657282e-01 -2.378734e-01 -1.470441e+00 1.326218e+00
0.312891 -3.254990e+01 2.595211e+02 2.985516e-01 -2.340587e-01 -1.299593e+00 1.288542e+00
0.320401 -3.667258e+01 2.539274e+02 3.307105e-01 -2.297231e-01 -1.153513e+00 1.236856e+00
0.327910 -4.071363e+01 2.477685e+02 3.621333e-01 -2.248762e-01 -1.029295e+00 1.176963e+00
0.335419 -4.466406e+01 2.410582e+02 3.927501e-01 -2.195287e-01 -9.238686e-01 1.112804e+00
0.342929 -4.851507e+01 2.338113e+02 4.224926e-01 -2.136926e-01 -8.343558e-01 1.046971e+00
0.350438 -5.225810e+01 2.260440e+02 4.512948e-01 -2.073808e-01 -7.582198e-01 9.811214e-01
0.357947 -5.588482e+01 2.177735e+02 4.790925e-01 -2.006075e-01 -6.932976e-01 9.162768e-01
0.365457 -5.938714e+01 2.090183e+02 5.058238e-01 -1.933877e-01 -6.377794e-01 8.530311e-01
0.372966 -6.275728e+01 1.997979e+02 5.314293e-01 -1.857374e-01 -5.901668e-01 7.916976e-01
0.380476 -6.598774e+01 1.901328e+02 5.558519e-01 -1.776737e-01 -5.492259e-01 7.324056e-01
0.387985 -6.907131e+01 1.800445e+02 5.790373e-01 -1.692145e-01 -5.139431e-01 6.751669e-01
0.395494 -7.200115e+01 1.695554e+02 6.009338e-01 -1.603787e-01 -4.834858e-01 6.199189e-01
0.403004 -7.477073e+01 1.586889e+02 6.214928e-01 -1.511859e-01 -4.571699e-01 5.665540e-01
0.410513 -7.737388e+01 1.474693e+02 6.406684e-01 -1.416566e-01 -4.344324e-01 5.149387e-01
0.418023 -7.980482e+01 1.359213e+02 6.584181e-01 -1.318120e-01 -4.148096e-01 4.649254e-01
0.425532 -8.205812e+01 1.240709e+02 6.747022e-01 -1.216740e-01 -3.979191e-01 4.163610e-01
0.433041 -8.412877e+01 1.119443e+02 6.894846e-01 -1.112652e-01 -3.834459e-01 3.690914e-01
0.440551 -8.601218e+01 9.956851e+01 7.027323e-01 -1.006087e-01 -3.711305e-01 3.229645e-01
0.448060 -8.770413e+01 8.697112e+01 7.144159e-01 -8.972833e-02 -3.607603e-01 2.778317e-01
0.455569 -8.920087e+01 7.418014e+01 7.245093e-01 -7.864820e-02 -3.521620e-01 2.335488e-01
0.463079 -9.049907e+01 6.122405e+01 7.329901e-01 -6.739303e-02 -3.451963e-01 1.899759e-01
0.470588 -9.159584e+01 4.813169e+01 7.398394e-01 -5.598785e-02 -3.397530e-01 1.469773e-01
0.478098 -9.248873e+01 3.493220e+01 7.450420e-01 -4.445805e-02 -3.357477e-01 1.044210e-01
0.485607 -9.317575e+01 2.165496e+01 7.485862e-01 -3.282930e-02 -3.331196e-01 6.217753e-02
0.493116 -9.365539e+01 8.329511e+00 7.504642e-01 -2.112747e-02 -3.318289e-01 2.011995e-02
0.500626 -9.392656e+01 -5.014474e+00 7.506718e-01 -9.378619e-03 -3.318564e-01 -2.187756e-02
0.508135 -9.398868e+01 -1.834730e+01 7.492086e-01 2.391108e-03 -3.332025e-01 -6.394039e-02
0.515645 -9.384159e+01 -3.163928e+01 7.460778e-01 1.415551e-02 -3.358874e-01 -1.061944e-01
0.523154 -9.348563e+01 -4.486085e+01 7.412864e-01 2.588841e-02 -3.399514e-01 -1.487666e-01
0.530663 -9.292159e+01 -5.798256e+01 7.348449e-01 3.756368e-02 -3.454566e-01 -1.917865e-01
0.538173 -9.215072e+01 -7.097521e+01 7.267679e-01 4.915535e-02 -3.524882e-01 -2.353864e-01
0.545682 -9.117474e+01 -8.380989e+01 7.170732e-01 6.063760e-02 -3.611575e-01 -2.797020e-01
0.553191 -8.999583e+01 -9.645802e+01 7.057825e-01 7.198489e-02 -3.716054e-01 -3.248735e-01
0.560701 -8.861660e+01 -1.088915e+02 6.929208e-01 8.317195e-02 -3.840065e-01 -3.710452e-01
0.568210 -8.704013e+01 -1.210825e+02 6.785168e-01 9.417389e-02 -3.985754e-01 -4.183659e-01
0.575720 -8.526992e+01 -1.330041e+02 6.626026e-01 1.049662e-01 -4.155734e-01 -4.669878e-01
0.583229 -8.330992e+01 -1.446296e+02 6.452135e-01 1.155249e-01 -4.353184e-01 -5.170651e-01
0.590738 -8.116448e+01 -1.559332e+02 6.263883e-01 1.258264e-01 -4.581957e-01 -5.687508e-01
0.598248 -7.883839e+01 -1.668897e+02 6.061689e-01 1.358479e-01 -4.846728e-01 -6.221919e-01
0.605757 -7.633682e+01 -1.774747e+02 5.846002e-01 1.455671e-01 -5.153174e-01 -6.775212e-01
0.613267 -7.366534e+01 -1.876648e+02 5.617304e-01 1.549622e-01 -5.508191e-01 -7.348450e-01
0.620776 -7.082989e+01 -1.974371e+02 5.376102e-01 1.640124e-01 -5.920174e-01 -7.942233e-01
0.628285 -6.783679e+01 -2.067700e+02 5.122935e-01 1.726975e-01 -6.399344e-01 -8.556404e-01
0.635795 -6.469270e+01 -2.156426e+02 4.858364e-01 1.809982e-01 -6.958140e-01 -9.189608e-01
0.643304 -6.140461e+01 -2.240353e+02 4.582980e-01 1.888961e-01 -7.611668e-01 -9.838618e-01
0.650814 -5.797985e+01 -2.319292e+02 4.297395e-01 1.963735e-01 -8.378165e-01 -1.049734e+00
0.658323 -5.442604e+01 -2.393070e+02 4.002245e-01 2.034139e-01 -9.279416e-01 -1.115536e+00
0.665832 -5.075108e+01 -2.461521e+02 3.698187e-01 2.100014e-01 -1.034094e+00 -1.179577e+00
0.673342 -4.696317e+01 -2.524493e+02 3.385897e-01 2.161216e-01 -1.159165e+00 -1.239216e+00
0.680851 -4.307072e+01 -2.581847e+02 3.066070e-01 2.217607e-01 -1.306227e+00 -1.290448e+00
0.688360 -3.908240e+01 -2.633453e+02 2.739420e-01 2.269062e-01 -1.478164e+00 -1.327377e+00
0.695870 -3.500710e+01 -2.679198e+02 2.406672e-01 2.315467e-01 -1.676906e+00 -1.341642e+00
0.703379 -3.085387e+01 -2.718980e+02 2.068567e-01 2.356718e-01 -1.902078e+00 -1.322002e+00
0.710889 -2.663197e+01 -2.752709e+02 1.725857e-01 2.392723e-01 -2.148889e+00 -1.254534e+00
0.718398 -2.235079e+01 -2.780312e+02 1.379307e-01 2.423402e-01 -2.405456e+00 -1.124278e+00
0.725907 -1.801987e+01 -2.801726e+02 1.029686e-01 2.448688e-01 -2.650572e+00 -9.192413e-01
0.733417 -1.364883e+01 -2.816904e+02 6.777735e-02 2.468523e-01 -2.854166e+00 -6.368915e-01
0.740926 -9.247419e+00 -2.825812e+02 3.243523e-02 2.482863e-01 -2.983070e+00 -2.908338e-01
0.748436 -4.825421e+00 -2.828431e+02 -2.979082e-03 2.491678e-01 -3.012121e+00 8.741919e-02
0.755945 -3.926829e-01 -2.824754e+02 -3.838676e-02 2.494946e-01 -2.935182e+00 4.557793e-01
0.763454 4.040929e+00 -2.814789e+02 -7.370900e-02 2.492661e-01 -2.768128e+00 7.755152e-01
0.770964 8.465547e+00 -2.798559e+02 -1.088672e-01 2.484828e-01 -2.541356e+00 1.023005e+00
0.778473 1.287132e+01 -2.776101e+02 -1.437830e-01 2.471464e-01 -2.287728e+00 1.192697e+00
0.785982 1.724845e+01 -2.747463e+02 -1.783789e-01 2.452599e-01 -2.033599e+00 1.292370e+00
0.793492 2.158718e+01 -2.712710e+02 -2.125777e-01 2.428275e-01 -1.795727e+00 1.336052e+00
0.801001 2.587787e+01 -2.671919e+02 -2.463033e-01 2.398546e-01 -1.582403e+00 1.338563e+00
0.808511 3.011095e+01 -2.625180e+02 -2.794807e-01 2.363478e-01 -1.396084e+00 1.312690e+00
0.816020 3.427702e+01 -2.572599e+02 -3.120360e-01 2.323150e-01 -1.235873e+00 1.268327e+00
0.823529 3.836679e+01 -2.514291e+02 -3.438968e-01 2.277651e-01 -1.099276e+00 1.212635e+00
0.831039 4.237116e+01 -2.450387e+02 -3.749922e-01 2.227082e-01 -9.832555e-01 1.150574e+00
0.838548 4.628123e+01 -2.381029e+02 -4.052529e-01 2.171556e-01 -8.847917e-01 1.085464e+00
0.846058 5.008828e+01 -2.306372e+02 -4.346116e-01 2.111197e-01 -8.011394e-01 1.019465e+00
0.853567 5.378384e+01 -2.226580e+02 -4.630029e-01 2.046139e-01 -7.299176e-01 9.539388e-01
0.861076 5.735969e+01 -2.141833e+02 -4.903636e-01 1.976526e-01 -6.691148e-01 8.897070e-01
0.868586 6.080787e+01 -2.052319e+02 -5.166329e-01 1.902514e-01 -6.170564e-01 8.272324e-01
0.876095 6.412070e+01 -1.958236e+02 -5.417523e-01 1.824267e-01 -5.723600e-01 7.667417e-01
0.883605 6.729081e+01 -1.859795e+02 -5.656658e-01 1.741960e-01 -5.338887e-01 7.083089e-01
0.891114 7.031115e+01 -1.757214e+02 -5.883203e-01 1.655776e-01 -5.007085e-01 6.519104e-01
0.898623 7.317498e+01 -1.650722e+02 -6.096653e-01 1.565906e-01 -4.720524e-01 5.974619e-01
0.906133 7.587594e+01 -1.540556e+02 -6.296533e-01 1.472550e-01 -4.472897e-01 5.448433e-01
0.913642 7.840802e+01 -1.426961e+02 -6.482398e-01 1.375918e-01 -4.259013e-01 4.939138e-01
0.921151 8.076558e+01 -1.310189e+02 -6.653834e-01 1.276222e-01 -4.074593e-01 4.445230e-01
0.928661 8.294336e+01 -1.190502e+02 -6.810460e-01 1.173686e-01 -3.916109e-01 3.965168e-01
0.936170 8.493653e+01 -1.068164e+02 -6.951928e-01 1.068537e-01 -3.780654e-01 3.497416e-01
0.943680 8.674065e+01 -9.434493e+01 -7.077921e-01 9.610106e-02 -3.665839e-01 3.040467e-01
0.951189 8.835170e+01 -8.166345e+01 -7.188161e-01 8.513447e-02 -3.569710e-01 2.592853e-01
0.958698 8.976609e+01 -6.880019e+01 -7.282401e-01 7.397839e-02 -3.490682e-01 2.153150e-01
0.966208 9.098069e+01 -5.578380e+01 -7.360432e-01 6.265765e-02 -3.427486e-01 1.719977e-01
0.973717 9.199277e+01 -4.264324e+01 -7.422080e-01 5.119744e-02 -3.379134e-01 1.291993e-01
0.981227 9.280010e+01 -2.940777e+01 -7.467208e-01 3.962328e-02 -3.344881e-01 8.678883e-02
0.988736 9.340088e+01 -1.610684e+01 -7.495715e-01 2.796092e-02 -3.324208e-01 4.463819e-02
0.996245 9.379376e+01 -2.770066e+00 -7.507538e-01 1.623633e-02 -3.316806e-01 2.620885e-03
1.003755 9.397787e+01 1.686094e+00 2.494566e-01 4.475600e-03 1.000000e+00 0.000000e+00
1.011264 9.395281e+01 -2.748283e+00 2.493901e-01 -7.295093e-03 1.000000e+00 0.000000e+00
1.018773 9.371862e+01 -7.176543e+00 2.487685e-01 -1.904955e-02 1.000000e+00 0.000000e+00
1.026283 9.327584e+01 -1.158883e+01 2.475931e-01 -3.076160e-02 1.000000e+00 1.875463e-17
1.033792 9.262544e+01 -1.597532e+01 2.458667e-01 -4.240519e-02 1.000000e+00 0.000000e+00
1.041302 9.176888e+01 -2.032625e+01 2.435930e-01 -5.395439e-02 1.000000e+00 0.000000e+00
1.048811 9.070805e+01 -2.463195e+01 2.407771e-01 -6.538350e-02 1.000000e+00 0.000000e+00
1.056320 8.944533e+01 -2.888281e+01 2.374253e-01 -7.666707e-02 1.000000e+00 0.000000e+00
1.063830 8.798351e+01 -3.306939e+01 2.335451e-01 -8.778000e-02 1.000000e+00 0.000000e+00
1.071339 8.632587e+01 -3.718236e+01 2.291450e-01 -9.869755e-02 1.000000e+00 0.000000e+00
1.078849 8.447607e+01 -4.121257e+01 2.242349e-01 -1.093954e-01 1.000000e+00 6.794116e-17
1.086358 8.243826e+01 -4.515105e+01 2.188256e-01 -1.198498e-01 1.000000e+00 6.630221e-17
1.093867 8.021694e+01 -4.898903e+01 2.129294e-01 -1.300374e-01 1.000000e+00 0.000000e+00
1.101377 7.781708e+01 -5.271797e+01 2.065591e-01 -1.399356e-01 1.000000e+00 0.000000e+00
1.108886 7.524402e+01 -5.632957e+01 1.997291e-01 -1.495223e-01 1.000000e+00 -6.051614e-17
1.116395 7.250347e+01 -5.981579e+01 1.924546e-01 -1.587762e-01 1.000000e+00 5.831201e-17
1.123905 6.960155e+01 -6.316888e+01 1.847517e-01 -1.676767e-01 1.000000e+00 0.000000e+00
1.131414 6.654471e+01 -6.638136e+01 1.766375e-01 -1.762039e-01 1.000000e+00 0.000000e+00
1.138924 6.333975e+01 -6.944609e+01 1.681302e-01 -1.843390e-01 1.000000e+00 -0.000000e+00
1.146433 5.999381e+01 -7.235624e+01 1.592487e-01 -1.920638e-01 1.000000e+00 -0.000000e+00
1.153942 5.651433e+01 -7.510535e+01 1.500127e-01 -1.993610e-01 1.000000e+00 1.208092e-16
1.161452 5.290907e+01 -7.768728e+01 1.404428e-01 -2.062146e-01 1.000000e+00 -6.248117e-17
1.168961 4.918603e+01 -8.009630e+01 1.305603e-01 -2.126091e-01 1.000000e+00 -0.000000e+00
1.176471 4.535352e+01 -8.232704e+01 1.203872e-01 -2.185304e-01 1.000000e+00 -0.000000e+00
1.183980 4.142007e+01 -8.437453e+01 1.099462e-01 -2.239653e-01 1.000000e+00 6.785949e-17
1.191489 3.739441e+01 -8.623422e+01 9.926043e-02 -2.289017e-01 1.000000e+00 -0.000000e+00
1.198999 3.328553e+01 -8.790197e+01 8.835373e-02 -2.333286e-01 1.000000e+00 -0.000000e+00
1.206508 2.910256e+01 -8.937407e+01 7.725037e-02 -2.372362e-01 1.000000e+00 -0.000000e+00
1.214018 2.485481e+01 -9.064724e+01 6.597507e-02 -2.406157e-01 1.000000e+00 -0.000000e+00
1.221527 2.055174e+01 -9.171864e+01 5.455291e-02 -2.434597e-01 1.000000e+00 -0.000000e+00
1.229036 1.620292e+01 -9.258590e+01 4.300934e-02 -2.457617e-01 1.000000e+00 -3.723180e-17
1.236546 1.181804e+01 -9.324708e+01 3.137003e-02 -2.475168e-01 1.000000e+00 -0.000000e+00
1.244055 7.406857e+00 -9.370070e+01 1.966090e-02 -2.487209e-01 1.000000e+00 -0.000000e+00
1.251564 2.979186e+00 -9.394577e+01 7.908007e-03 -2.493714e-01 1.000000e+00 -0.000000e+00
1.259074 -1.455116e+00 -9.398173e+01 -3.862487e-03 -2.494669e-01 1.000000e+00 -2.362070e-18
1.266583 -5.886179e+00 -9.380851e+01 -1.562438e-02 -2.490071e-01 1.000000e+00 -0.000000e+00
1.274093 -1.030414e+01 -9.342648e+01 -2.735150e-02 -2.479930e-01 1.000000e+00 -0.000000e+00
1.281602 -1.469917e+01 -9.283651e+01 -3.901774e-02 -2.464270e-01 1.000000e+00 1.866629e-17
1.289111 -1.906148e+01 -9.203990e+01 -5.059714e-02 -2.443124e-01 1.000000e+00 -0.000000e+00
1.296621 -2.338136e+01 -9.103843e+01 -6.206391e-02 -2.416541e-01 1.000000e+00 -0.000000e+00
1.304130 -2.764920e+01 -8.983432e+01 -7.339255e-02 -2.384579e-01 1.000000e+00 3.612530e-17
1.311640 -3.185549e+01 -8.843026e+01 -8.455782e-02 -2.347309e-01 1.000000e+00 -0.000000e+00
1.319149 -3.599089e+01 -8.682937e+01 -9.553489e-02 -2.304815e-01 1.000000e+00 -0.000000e+00
1.326658 -4.004617e+01 -8.503521e+01 -1.062993e-01 -2.257191e-01 1.000000e+00 -0.000000e+00
1.334168 -4.401232e+01 -8.305178e+01 -1.168271e-01 -2.204542e-01 1.000000e+00 6.679565e-17
1.341677 -4.788051e+01 -8.088350e+01 -1.270949e-01 -2.146987e-01 1.000000e+00 -0.000000e+00
1.349186 -5.164212e+01 -7.853518e+01 -1.370798e-01 -2.084653e-01 1.000000e+00 6.316311e-17
1.356696 -5.528879e+01 -7.601206e+01 -1.467596e-01 -2.017678e-01 1.000000e+00 -0.000000e+00
1.364205 -5.881239e+01 -7.331975e+01 -1.561127e-01 -1.946213e-01 1.000000e+00 -0.000000e+00
1.371715 -6.220509e+01 -7.046424e+01 -1.651184e-01 -1.870416e-01 1.000000e+00 5.667193e-17
1.379224 -6.545934e+01 -6.745190e+01 -1.737565e-01 -1.790456e-01 1.000000e+00 1.084984e-16
1.386733 -6.856788e+01 -6.428942e+01 -1.820079e-01 -1.706510e-01 1.000000e+00 1.102935e-16
1.394243 -7.152380e+01 -6.098384e+01 -1.898541e-01 -1.618766e-01 1.000000e+00 -0.000000e+00
1.401752 -7.432053e+01 -5.754252e+01 -1.972778e-01 -1.527420e-01 1.000000e+00 -5.977341e-17
1.409262 -7.695183e+01 -5.397313e+01 -2.042624e-01 -1.432673e-01 1.000000e+00 -6.188967e-17
1.416771 -7.941185e+01 -5.028360e+01 -2.107923e-01 -1.334737e-01 1.000000e+00 -0.000000e+00
1.424280 -8.169512e+01 -4.648215e+01 -2.168531e-01 -1.233831e-01 1.000000e+00 -0.000000e+00
1.431790 -8.379655e+01 -4.257724e+01 -2.224311e-01 -1.130178e-01 1.000000e+00 -6.739464e-17
1.439299 -8.571146e+01 -3.857756e+01 -2.275141e-01 -1.024010e-01 1.000000e+00 -0.000000e+00
1.446809 -8.743560e+01 -3.449202e+01 -2.320907e-01 -9.155625e-02 1.000000e+00 -0.000000e+00
1.454318 -8.896512e+01 -3.032970e+01 -2.361507e-01 -8.050772e-02 1.000000e+00 -0.000000e+00
1.461827 -9.029662e+01 -2.609987e+01 -2.396850e-01 -6.927999e-02 1.000000e+00 -0.000000e+00
1.469337 -9.142714e+01 -2.181195e+01 -2.426859e-01 -5.789805e-02 1.000000e+00 -3.676583e-17
1.476846 -9.235416e+01 -1.747548e+01 -2.451466e-01 -4.638725e-02 1.000000e+00 -3.713861e-17
1.484355 -9.307561e+01 -1.310012e+01 -2.470617e-01 -3.477320e-02 1.000000e+00 -0.000000e+00
1.491865 -9.358990e+01 -8.695593e+00 -2.484268e-01 -2.308174e-02 1.000000e+00 -0.000000e+00
1.499374 -9.389588e+01 -4.271714e+00 -2.492390e-01 -1.133892e-02 1.000000e+00 -0.000000e+00
1.506884 -9.399286e+01 1.616733e-01 -2.494964e-01 4.291486e-04 1.000000e+00 -0.000000e+00
1.514393 -9.388063e+01 4.594701e+00 -2.491985e-01 1.219626e-02 1.000000e+00 -0.000000e+00
1.521902 -9.355943e+01 9.017501e+00 -2.483459e-01 2.393622e-02 1.000000e+00 1.881165e-17
1.529412 -9.303000e+01 1.342023e+01 -2.469406e-01 3.562291e-02 1.000000e+00 -0.000000e+00
1.536921 -9.229349e+01 1.779309e+01 -2.449856e-01 4.723031e-02 1.000000e+00 -0.000000e+00
1.544431 -9.135156e+01 2.212634e+01 -2.424853e-01 5.873258e-02 1.000000e+00 -3.673544e-17
1.551940 -9.020630e+01 2.641035e+01 -2.394453e-01 7.010412e-02 1.000000e+00 -0.000000e+00
1.559449 -8.886026e+01 3.063557e+01 -2.358723e-01 8.131963e-02 1.000000e+00 -0.000000e+00
1.566959 -8.731643e+01 3.479260e+01 -2.317744e-01 9.235413e-02 1.000000e+00 -0.000000e+00
1.574468 -8.557824e+01 3.887219e+01 -2.271605e-01 1.031831e-01 1.000000e+00 -6.882760e-17
1.581977 -8.364958e+01 4.286526e+01 -2.220410e-01 1.137823e-01 1.000000e+00 -0.000000e+00
1.589487 -8.153473e+01 4.676292e+01 -2.164273e-01 1.241284e-01 1.000000e+00 -6.557554e-17
1.596996 -7.923840e+01 5.055649e+01 -2.103319e-01 1.341981e-01 1.000000e+00 -0.000000e+00
1.604506 -7.676570e+01 5.423753e+01 -2.037683e-01 1.439691e-01 1.000000e+00 -0.000000e+00
1.612015 -7.412214e+01 5.779785e+01 -1.967512e-01 1.534197e-01 1.000000e+00 -0.000000e+00
1.619524 -7.131359e+01 6.122953e+01 -1.892961e-01 1.625288e-01 1.000000e+00 -5.735503e-17
1.627034 -6.834631e+01 6.452492e+01 -1.814197e-01 1.712761e-01 1.000000e+00 -1.099371e-16
1.634543 -6.522691e+01 6.767669e+01 -1.731395e-01 1.796423e-01 1.000000e+00 0.000000e+00
1.642053 -6.196232e+01 7.067782e+01 -1.644739e-01 1.876085e-01 1.000000e+00 0.000000e+00
1.649562 -5.855982e+01 7.352164e+01 -1.554423e-01 1.951572e-01 1.000000e+00 0.000000e+00
1.657071 -5.502697e+01 7.620181e+01 -1.460646e-01 2.022715e-01 1.000000e+00 -6.128646e-17
1.664581 -5.137165e+01 7.871237e+01 -1.363619e-01 2.089356e-01 1.000000e+00 0.000000e+00
1.672090 -4.760198e+01 8.104773e+01 -1.263556e-01 2.151346e-01 1.000000e+00 0.000000e+00
1.679599 -4.372635e+01 8.320270e+01 -1.160681e-01 2.208548e-01 1.000000e+00 0.000000e+00
1.687109 -3.975340e+01 8.517247e+01 -1.055222e-01 2.260834e-01 1.000000e+00 0.000000e+00
1.694618 -3.569197e+01 8.695267e+01 -9.474144e-02 2.308088e-01 1.000000e+00 -6.993300e-17
1.702128 -3.155110e+01 8.853932e+01 -8.374982e-02 2.350204e-01 1.000000e+00 3.560454e-17
1.709637 -2.733999e+01 8.992890e+01 -7.257179e-02 2.387090e-01 1.000000e+00 -3.616334e-17
1.717146 -2.306804e+01 9.111832e+01 -6.123223e-02 2.418662e-01 1.000000e+00 -3.664164e-17
1.724656 -1.874474e+01 9.210493e+01 -4.975638e-02 2.444850e-01 1.000000e+00 0.000000e+00
1.732165 -1.437971e+01 9.288653e+01 -3.816978e-02 2.465597e-01 1.000000e+00 1.867635e-17
1.739675 -9.982682e+00 9.346138e+01 -2.649822e-02 2.480856e-01 1.000000e+00 0.000000e+00
1.747184 -5.563433e+00 9.382820e+01 -1.476768e-02 2.490593e-01 1.000000e+00 9.432844e-18
1.754693 -1.131800e+00 9.398618e+01 -3.004271e-03 2.494787e-01 1.000000e+00 0.000000e+00
1.762203 3.302352e+00 9.393496e+01 8.765825e-03 2.493427e-01 1.000000e+00 0.000000e+00
1.769712 7.729154e+00 9.367467e+01 2.051641e-02 2.486518e-01 1.000000e+00 0.000000e+00
1.777222 1.213875e+01 9.320587e+01 3.222133e-02 2.474074e-01 1.000000e+00 1.874056e-17
1.784731 1.652133e+01 9.252961e+01 4.385453e-02 2.456123e-01 1.000000e+00 0.000000e+00
1.792240 2.086714e+01 9.164740e+01 5.539012e-02 2.432706e-01 1.000000e+00 -3.685440e-17
1.799750 2.516650e+01 9.056120e+01 6.680242e-02 2.403873e-01 1.000000e+00 3.641761e-17
1.807259 2.940984e+01 8.927342e+01 7.806603e-02 2.369691e-01 1.000000e+00 0.000000e+00
1.814768 3.358772e+01 8.778695e+01 8.915588e-02 2.330233e-01 1.000000e+00 0.000000e+00
1.822278 3.769085e+01 8.610507e+01 1.000473e-01 2.285589e-01 1.000000e+00 0.000000e+00
1.829787 4.171008e+01 8.423154e+01 1.107160e-01 2.235858e-01 1.000000e+00 -6.774449e-17
1.837297 4.563647e+01 8.217053e+01 1.211383e-01 2.181150e-01 1.000000e+00 -6.608689e-17
1.844806 4.946128e+01 7.992662e+01 1.312910e-01 2.121587e-01 1.000000e+00 0.000000e+00
1.852315 5.317601e+01 7.750481e+01 1.411514e-01 2.057302e-01 1.000000e+00 0.000000e+00
1.859825 5.677237e+01 7.491049e+01 1.506976e-01 1.988438e-01 1.000000e+00 0.000000e+00
1.867334 6.024237e+01 7.214943e+01 1.599085e-01 1.915148e-01 1.000000e+00 0.000000e+00
1.874844 6.357828e+01 6.922778e+01 1.687634e-01 1.837595e-01 1.000000e+00 5.567749e-17
1.882353 6.677267e+01 6.615205e+01 1.772426e-01 1.755952e-01 1.000000e+00 -1.074059e-16
1.889862 6.981845e+01 6.292907e+01 1.853274e-01 1.670401e-01 1.000000e+00 0.000000e+00
1.897372 7.270882e+01 5.956602e+01 1.929996e-01 1.581132e-01 1.000000e+00 -5.847717e-17
1.904881 7.543735e+01 5.607039e+01 2.002423e-01 1.488343e-01 1.000000e+00 0.000000e+00
1.912390 7.799798e+01 5.244996e+01 2.070393e-01 1.392242e-01 1.000000e+00 6.273105e-17
1.919900 8.038500e+01 4.871279e+01 2.133754e-01 1.293041e-01 1.000000e+00 -6.465085e-17
1.927409 8.259309e+01 4.486719e+01 2.192366e-01 1.190963e-01 1.000000e+00 0.000000e+00
1.934919 8.461735e+01 4.092172e+01 2.246099e-01 1.086234e-01 1.000000e+00 6.805478e-17
1.942428 8.645327e+01 3.688517e+01 2.294832e-01 9.790868e-02 1.000000e+00 0.000000e+00
1.949937 8.809676e+01 3.276652e+01 2.338457e-01 8.697606e-02 1.000000e+00 0.000000e+00
1.957447 8.954416e+01 2.857494e+01 2.376877e-01 7.584985e-02 1.000000e+00 -3.600862e-17
1.964956 9.079225e+01 2.431975e+01 2.410006e-01 6.455481e-02 1.000000e+00 0.000000e+00
1.972466 9.183826e+01 2.001044e+01 2.437772e-01 5.311608e-02 1.000000e+00 0.000000e+00
1.979975 9.267985e+01 1.565658e+01 2.460111e-01 4.155913e-02 1.000000e+00 0.000000e+00
1.987484 9.331515e+01 1.126788e+01 2.476975e-01 2.990967e-02 1.000000e+00 1.876253e-17
1.994994 9.374276e+01 6.854098e+00 2.488325e-01 1.819365e-02 1.000000e+00 0.000000e+00
2.002503 9.396171e+01 2.425059e+00 2.494137e-01 6.437121e-03 1.000000e+00 0.000000e+00
2.010013 9.397151e+01 -2.009378e+00 2.494397e-01 -5.333731e-03 1.000000e+00 0.000000e+00
2.017522 9.377216e+01 -6.439343e+00 2.489106e-01 -1.709271e-02 1.000000e+00 0.000000e+00
2.025031 9.336409e+01 -1.085497e+01 2.478274e-01 -2.881365e-02 1.000000e+00 0.000000e+00
2.032541 9.274820e+01 -1.524644e+01 2.461926e-01 -4.047045e-02 1.000000e+00 0.000000e+00
2.040050 9.192588e+01 -1.960398e+01 2.440098e-01 -5.203717e-02 1.000000e+00 -3.696639e-17
2.047559 9.089894e+01 -2.391788e+01 2.412839e-01 -6.348807e-02 1.000000e+00 0.000000e+00
2.055069 8.966969e+01 -2.817854e+01 2.380209e-01 -7.479765e-02 1.000000e+00 -3.605910e-17
2.062578 8.824084e+01 -3.237649e+01 2.342281e-01 -8.594075e-02 1.000000e+00 7.096903e-17
2.070088 8.661559e+01 -3.650237e+01 2.299140e-01 -9.689256e-02 1.000000e+00 0.000000e+00
2.077597 8.479755e+01 -4.054700e+01 2.250882e-01 -1.076287e-01 1.000000e+00 0.000000e+00
2.085106 8.279076e+01 -4.450138e+01 2.197613e-01 -1.181253e-01 1.000000e+00 0.000000e+00
2.092616 8.059970e+01 -4.835671e+01 2.139454e-01 -1.283590e-01 1.000000e+00 0.000000e+00
2.100125 7.822924e+01 -5.210441e+01 2.076532e-01 -1.383069e-01 1.000000e+00 6.291705e-17
2.107635 7.568465e+01 -5.573613e+01 2.008988e-01 -1.479470e-01 1.000000e+00 0.000000e+00
2.115144 7.297161e+01 -5.924380e+01 1.936972e-01 -1.572578e-01 1.000000e+00 0.000000e+00
2.122653 7.009614e+01 -6.261960e+01 1.860645e-01 -1.662186e-01 1.000000e+00 0.000000e+00
2.130163 6.706466e+01 -6.585602e+01 1.780177e-01 -1.748094e-01 1.000000e+00 -1.078755e-16
2.137672 6.388390e+01 -6.894585e+01 1.695746e-01 -1.830112e-01 1.000000e+00 -0.000000e+00
2.145181 6.056094e+01 -7.188223e+01 1.607541e-01 -1.908055e-01 1.000000e+00 -0.000000e+00
2.152691 5.710319e+01 -7.465861e+01 1.515758e-01 -1.981752e-01 1.000000e+00 -0.000000e+00
2.160200 5.351834e+01 -7.726882e+01 1.420601e-01 -2.051038e-01 1.000000e+00 6.214461e-17
2.167710 4.981437e+01 -7.970704e+01 1.322282e-01 -2.115759e-01 1.000000e+00 6.410559e-17
2.175219 4.599952e+01 -8.196784e+01 1.221020e-01 -2.175770e-01 1.000000e+00 -0.000000e+00
2.182728 4.208228e+01 -8.404620e+01 1.117040e-01 -2.230938e-01 1.000000e+00 -6.759543e-17
2.190238 3.807138e+01 -8.593750e+01 1.010574e-01 -2.281141e-01 1.000000e+00 -0.000000e+00
2.197747 3.397574e+01 -8.763751e+01 9.018583e-02 -2.326266e-01 1.000000e+00 -0.000000e+00
2.205257 2.980447e+01 -8.914245e+01 7.911354e-02 -2.366214e-01 1.000000e+00 3.584708e-17
2.212766 2.556686e+01 -9.044898e+01 6.786516e-02 -2.400895e-01 1.000000e+00 -0.000000e+00
2.220275 2.127235e+01 -9.155419e+01 5.646573e-02 -2.430232e-01 1.000000e+00 -3.681692e-17
2.227785 1.693049e+01 -9.245562e+01 4.494061e-02 -2.454159e-01 1.000000e+00 -0.000000e+00
2.235294 1.255095e+01 -9.315126e+01 3.331547e-02 -2.472624e-01 1.000000e+00 1.872958e-17
2.242804 8.143465e+00 -9.363956e+01 2.161617e-02 -2.485586e-01 1.000000e+00 -0.000000e+00
2.250313 3.717858e+00 -9.391944e+01 9.868752e-03 -2.493015e-01 1.000000e+00 4.721008e-18
2.257822 -7.160238e-01 -9.399027e+01 -1.900627e-03 -2.494895e-01 1.000000e+00 -1.181142e-18
2.265332 -5.148312e+00 -9.385189e+01 -1.366578e-02 -2.491222e-01 1.000000e+00 -0.000000e+00
2.272841 -9.569141e+00 -9.350462e+01 -2.540051e-02 -2.482004e-01 1.000000e+00 -0.000000e+00
2.280350 -1.396867e+01 -9.294923e+01 -3.707870e-02 -2.467262e-01 1.000000e+00 -1.868896e-17
2.287860 -1.833711e+01 -9.218695e+01 -4.867437e-02 -2.447028e-01 1.000000e+00 -0.000000e+00
2.295369 -2.266473e+01 -9.121948e+01 -6.016169e-02 -2.421347e-01 1.000000e+00 -0.000000e+00
2.302879 -2.694191e+01 -9.004897e+01 -7.151511e-02 -2.390277e-01 1.000000e+00 -0.000000e+00
2.310388 -3.115912e+01 -8.867803e+01 -8.270935e-02 -2.353886e-01 1.000000e+00 -0.000000e+00
2.317897 -3.530697e+01 -8.710971e+01 -9.371949e-02 -2.312256e-01 1.000000e+00 -0.000000e+00
2.325407 -3.937624e+01 -8.534749e+01 -1.045210e-01 -2.265480e-01 1.000000e+00 -6.864201e-17
2.332916 -4.335786e+01 -8.339532e+01 -1.150899e-01 -2.213661e-01 1.000000e+00 -0.000000e+00
2.340426 -4.724298e+01 -8.125752e+01 -1.254027e-01 -2.156915e-01 1.000000e+00 -6.535258e-17
2.347935 -5.102294e+01 -7.893885e+01 -1.354363e-01 -2.095368e-01 1.000000e+00 -0.000000e+00
2.355444 -5.468934e+01 -7.644448e+01 -1.451684e-01 -2.029157e-01 1.000000e+00 -0.000000e+00
2.362954 -5.823401e+01 -7.377997e+01 -1.545774e-01 -1.958429e-01 1.000000e+00 -0.000000e+00
2.370463 -6.164906e+01 -7.095123e+01 -1.636424e-01 -1.883343e-01 1.000000e+00 -0.000000e+00
2.377972 -6.492689e+01 -6.796457e+01 -1.723431e-01 -1.804064e-01 1.000000e+00 1.093231e-16
2.385482 -6.806020e+01 -6.482663e+01 -1.806603e-01 -1.720770e-01 1.000000e+00 -1.094769e-16
2.392991 -7.104203e+01 -6.154440e+01 -1.885753e-01 -1.633646e-01 1.000000e+00 5.713663e-17
2.400501 -7.386573e+01 -5.812518e+01 -1.960706e-01 -1.542886e-01 1.000000e+00 -0.000000e+00
2.408010 -7.652502e+01 -5.457659e+01 -2.031295e-01 -1.448691e-01 1.000000e+00 -0.000000e+00
2.415519 -7.901398e+01 -5.090652e+01 -2.097362e-01 -1.351272e-01 1.000000e+00 -0.000000e+00
2.423029 -8.132707e+01 -4.712314e+01 -2.158761e-01 -1.250846e-01 1.000000e+00 -6.540853e-17
2.430538 -8.345914e+01 -4.323488e+01 -2.215355e-01 -1.147635e-01 1.000000e+00 -0.000000e+00
2.438048 -8.540545e+01 -3.925038e+01 -2.267018e-01 -1.041869e-01 1.000000e+00 -6.868862e-17
2.445557 -8.716166e+01 -3.517852e+01 -2.313635e-01 -9.337852e-02 1.000000e+00 -0.000000e+00
2.453066 -8.872386e+01 -3.102836e+01 -2.355103e-01 -8.236226e-02 1.000000e+00 -0.000000e+00
2.460576 -9.008859e+01 -2.680913e+01 -2.391328e-01 -7.116267e-02 1.000000e+00 -3.622755e-17
2.468085 -9.125279e+01 -2.253024e+01 -2.422231e-01 -5.980468e-02 1.000000e+00 -0.000000e+00
2.475594 -9.221388e+01 -1.820119e+01 -2.447743e-01 -4.831358e-02 1.000000e+00 -0.000000e+00
2.483104 -9.296972e+01 -1.383163e+01 -2.467806e-01 -3.671495e-02 1.000000e+00 -0.000000e+00
2.490613 -9.351863e+01 -9.431290e+00 -2.482376e-01 -2.503459e-02 1.000000e+00 -0.000000e+00
2.498123 -9.385938e+01 -5.009954e+00 -2.491421e-01 -1.329851e-02 1.000000e+00 -0.000000e+00
2.505632 -9.399122e+01 -5.774662e-01 -2.494921e-01 -1.532837e-03 1.000000e+00 -0.000000e+00
2.513141 -9.391385e+01 3.856307e+00 -2.492867e-01 1.023625e-02 1.000000e+00 -0.000000e+00
2.520651 -9.362745e+01 8.281496e+00 -2.485265e-01 2.198256e-02 1.000000e+00 -0.000000e+00
2.528160 -9.313265e+01 1.268825e+01 -2.472131e-01 3.367993e-02 1.000000e+00 1.872584e-17
2.535670 -9.243056e+01 1.706677e+01 -2.453494e-01 4.530235e-02 1.000000e+00 -0.000000e+00
2.543179 -9.152273e+01 2.140729e+01 -2.429397e-01 5.682392e-02 1.000000e+00 -0.000000e+00
2.550688 -9.041120e+01 2.570017e+01 -2.399892e-01 6.821902e-02 1.000000e+00 -0.000000e+00
2.558198 -8.909842e+01 2.993585e+01 -2.365045e-01 7.946228e-02 1.000000e+00 -3.582937e-17
2.565707 -8.758732e+01 3.410489e+01 -2.324934e-01 9.052866e-02 1.000000e+00 -0.000000e+00
2.573217 -8.588128e+01 3.819802e+01 -2.279649e-01 1.013936e-01 1.000000e+00 6.907132e-17
2.580726 -8.398408e+01 4.220614e+01 -2.229289e-01 1.120328e-01 1.000000e+00 -6.754546e-17
2.588235 -8.189994e+01 4.612030e+01 -2.173967e-01 1.224226e-01 1.000000e+00 6.586927e-17
2.595745 -7.963352e+01 4.993182e+01 -2.113807e-01 1.325399e-01 1.000000e+00 6.404646e-17
2.603254 -7.718984e+01 5.363219e+01 -2.048942e-01 1.423623e-01 1.000000e+00 -0.000000e+00
2.610763 -7.457435e+01 5.721319e+01 -1.979516e-01 1.518678e-01 1.000000e+00 5.997755e-17
2.618273 -7.179288e+01 6.066684e+01 -1.905684e-01 1.610352e-01 1.000000e+00 -0.000000e+00
2.625782 -6.885160e+01 6.398546e+01 -1.827610e-01 1.698442e-01 1.000000e+00 5.537494e-17
2.633292 -6.575708e+01 6.716167e+01 -1.745468e-01 1.782752e-01 1.000000e+00 0.000000e+00
2.640801 -6.251620e+01 7.018838e+01 -1.659442e-01 1.863093e-01 1.000000e+00 0.000000e+00
2.648310 -5.913616e+01 7.305886e+01 -1.569721e-01 1.939288e-01 1.000000e+00 -5.875869e-17
2.655820 -5.562450e+01 7.576673e+01 -1.476507e-01 2.011166e-01 1.000000e+00 -6.093654e-17
2.663329 -5.198903e+01 7.830596e+01 -1.380007e-01 2.078568e-01 1.000000e+00 -6.297875e-17
2.670839 -4.823784e+01 8.067090e+01 -1.280434e-01 2.141343e-01 1.000000e+00 6.488079e-17
2.678348 -4.437929e+01 8.285627e+01 -1.178012e-01 2.199352e-01 1.000000e+00 -6.663841e-17
2.685857 -4.042195e+01 8.485723e+01 -1.072968e-01 2.252466e-01 1.000000e+00 0.000000e+00
2.693367 -3.637464e+01 8.666931e+01 -9.655353e-02 2.300566e-01 1.000000e+00 0.000000e+00
2.700876 -3.224637e+01 8.828847e+01 -8.559537e-02 2.343546e-01 1.000000e+00 0.000000e+00
2.708385 -2.804633e+01 8.971113e+01 -7.444669e-02 2.381309e-01 1.000000e+00 0.000000e+00
2.715895 -2.378385e+01 9.093410e+01 -6.313231e-02 2.413772e-01 1.000000e+00 3.656756e-17
2.723404 -1.946844e+01 9.195468e+01 -5.167740e-02 2.440862e-01 1.000000e+00 0.000000e+00
2.730914 -1.510970e+01 9.277058e+01 -4.010748e-02 2.462520e-01 1.000000e+00 -1.865303e-17
2.738423 -1.071733e+01 9.337999e+01 -2.844828e-02 2.478696e-01 1.000000e+00 0.000000e+00
2.745932 -6.301100e+00 9.378155e+01 -1.672576e-02 2.489355e-01 1.000000e+00 0.000000e+00
2.753442 -1.870847e+00 9.397437e+01 -4.966011e-03 2.494473e-01 1.000000e+00 2.361885e-18
2.760951 2.563571e+00 9.395803e+01 6.804790e-03 2.494040e-01 1.000000e+00 0.000000e+00
2.768461 6.992282e+00 9.373255e+01 1.856045e-02 2.488054e-01 1.000000e+00 9.423228e-18
2.775970 1.140543e+01 9.329844e+01 3.027479e-02 2.476531e-01 1.000000e+00 0.000000e+00
2.783479 1.579319e+01 9.265667e+01 4.192175e-02 2.459496e-01 1.000000e+00 0.000000e+00
2.790989 2.014580e+01 9.180866e+01 5.347539e-02 2.436986e-01 1.000000e+00 0.000000e+00
2.798498 2.445357e+01 9.075630e+01 6.491001e-02 2.409052e-01 1.000000e+00 0.000000e+00
2.806008 2.870691e+01 8.950194e+01 7.620016e-02 2.375756e-01 1.000000e+00 0.000000e+00
2.813517 3.289635e+01 8.804836e+01 8.732069e-02 2.337172e-01 1.000000e+00 0.000000e+00
2.821026 3.701257e+01 8.639880e+01 9.824687e-02 2.293386e-01 1.000000e+00 0.000000e+00
2.828536 4.104641e+01 8.455693e+01 1.089544e-01 2.244495e-01 1.000000e+00 0.000000e+00
2.836045 4.498889e+01 8.252686e+01 1.194194e-01 2.190608e-01 1.000000e+00 0.000000e+00
2.843554 4.883123e+01 8.031310e+01 1.296185e-01 2.131846e-01 1.000000e+00 0.000000e+00
2.851064 5.256488e+01 7.792057e+01 1.395292e-01 2.068338e-01 1.000000e+00 0.000000e+00
2.858573 5.618154e+01 7.535461e+01 1.491293e-01 2.000227e-01 1.000000e+00 0.000000e+00
2.866083 5.967314e+01 7.262093e+01 1.583975e-01 1.927664e-01 1.000000e+00 5.840648e-17
2.873592 6.303192e+01 6.972560e+01 1.673131e-01 1.850809e-01 1.000000e+00 5.607787e-17
2.881101 6.625041e+01 6.667508e+01 1.758563e-01 1.769836e-01 1.000000e+00 -1.072489e-16
2.888611 6.932143e+01 6.347615e+01 1.840081e-01 1.684923e-01 1.000000e+00 0.000000e+00
2.896120 7.223816e+01 6.013594e+01 1.917503e-01 1.596260e-01 1.000000e+00 0.000000e+00
2.903630 7.499410e+01 5.666188e+01 1.990657e-01 1.504043e-01 1.000000e+00 0.000000e+00
2.911139 7.758312e+01 5.306169e+01 2.059381e-01 1.408480e-01 1.000000e+00 0.000000e+00
2.918648 7.999945e+01 4.934341e+01 2.123520e-01 1.309781e-01 1.000000e+00 6.434076e-17
2.926158 8.223771e+01 4.551529e+01 2.182933e-01 1.208166e-01 1.000000e+00 6.614092e-17
2.933667 8.429294e+01 4.158586e+01 2.237488e-01 1.103863e-01 1.000000e+00 0.000000e+00
2.941176 8.616054e+01 3.756387e+01 2.287061e-01 9.971025e-02 1.000000e+00 0.000000e+00
2.948686 8.783636e+01 3.345828e+01 2.331545e-01 8.881227e-02 1.000000e+00 0.000000e+00
2.956195 8.931668e+01 2.927821e+01 2.370839e-01 7.771662e-02 1.000000e+00 0.000000e+00
2.963705 9.059820e+01 2.503297e+01 2.404856e-01 6.644798e-02 1.000000e+00 0.000000e+00
2.971214 9.167806e+01 2.073201e+01 2.433520e-01 5.503144e-02 1.000000e+00 3.686673e-17
2.978723 9.255386e+01 1.638491e+01 2.456767e-01 4.349241e-02 1.000000e+00 0.000000e+00
2.986233 9.322366e+01 1.200134e+01 2.474546e-01 3.185658e-02 1.000000e+00 0.000000e+00
2.993742 9.368596e+01 7.591054e+00 2.486818e-01 2.014984e-02 1.000000e+00 0.000000e+00
3.001252 9.393973e+01 3.163873e+00 2.493554e-01 8.398244e-03 1.000000e+00 0.000000e+00
3.008761 9.398441e+01 -1.270349e+00 2.494740e-01 -3.372039e-03 1.000000e+00 0.000000e+00
3.016270 9.381990e+01 -5.701745e+00 2.490373e-01 -1.513482e-02 1.000000e+00 0.000000e+00
3.023780 9.344656e+01 -1.012045e+01 2.480463e-01 -2.686391e-02 1.000000e+00 0.000000e+00
3.031289 9.286523e+01 -1.451663e+01 2.465032e-01 -3.853321e-02 1.000000e+00 1.867207e-17
3.038798 9.207720e+01 -1.888049e+01 2.444114e-01 -5.011673e-02 1.000000e+00 0.000000e+00
3.046308 9.108422e+01 -2.320234e+01 2.417757e-01 -6.158871e-02 1.000000e+00 3.662793e-17
3.053817 8.988850e+01 -2.747253e+01 2.386017e-01 -7.292361e-02 1.000000e+00 0.000000e+00
3.061327 8.849271e+01 -3.168158e+01 2.348967e-01 -8.409619e-02 1.000000e+00 0.000000e+00
3.068836 8.689996e+01 -3.582012e+01 2.306689e-01 -9.508159e-02 1.000000e+00 0.000000e+00
3.076345 8.511378e+01 -3.987892e+01 2.259276e-01 -1.058554e-01 1.000000e+00 -6.845404e-17
3.083855 8.313815e+01 -4.384896e+01 2.206835e-01 -1.163935e-01 1.000000e+00 6.686511e-17
3.091364 8.097747e+01 -4.772140e+01 2.149481e-01 -1.266726e-01 1.000000e+00 0.000000e+00
3.098874 7.863655e+01 -5.148762e+01 2.087343e-01 -1.366697e-01 1.000000e+00 0.000000e+00
3.106383 7.612061e+01 -5.513924e+01 2.020560e-01 -1.463626e-01 1.000000e+00 0.000000e+00
3.113892 7.343523e+01 -5.866814e+01 1.949278e-01 -1.557298e-01 1.000000e+00 -5.906139e-17
3.121402 7.058640e+01 -6.206644e+01 1.873659e-01 -1.647503e-01 1.000000e+00 0.000000e+00
3.128911 6.758046e+01 -6.532660e+01 1.793868e-01 -1.734042e-01 1.000000e+00 1.087052e-16
3.136421 6.442409e+01 -6.844136e+01 1.710085e-01 -1.816720e-01 1.000000e+00 -0.000000e+00
3.143930 6.112433e+01 -7.140377e+01 1.622496e-01 -1.895355e-01 1.000000e+00 5.742756e-17
3.151439 5.768852e+01 -7.420726e+01 1.531295e-01 -1.969771e-01 1.000000e+00 5.968231e-17
3.158949 5.412431e+01 -7.684557e+01 1.436686e-01 -2.039803e-01 1.000000e+00 -0.000000e+00
3.166458 5.043962e+01 -7.931285e+01 1.338879e-01 -2.105295e-01 1.000000e+00 -0.000000e+00
3.173967 4.664267e+01 -8.160358e+01 1.238092e-01 -2.166101e-01 1.000000e+00 -0.000000e+00
3.181477 4.274190e+01 -8.371268e+01 1.134549e-01 -2.222085e-01 1.000000e+00 -6.732719e-17
3.188986 3.874599e+01 -8.563546e+01 1.028481e-01 -2.273124e-01 1.000000e+00 -0.000000e+00
3.196496 3.466384e+01 -8.736762e+01 9.201236e-02 -2.319102e-01 1.000000e+00 -0.000000e+00
3.204005 3.050454e+01 -8.890532e+01 8.097182e-02 -2.359919e-01 1.000000e+00 -0.000000e+00
3.211514 2.627734e+01 -9.024514e+01 6.975106e-02 -2.395484e-01 1.000000e+00 -0.000000e+00
3.219024 2.199165e+01 -9.138408e+01 5.837505e-02 -2.425716e-01 1.000000e+00 -0.000000e+00
3.226533 1.765701e+01 -9.231962e+01 4.686911e-02 -2.450549e-01 1.000000e+00 -0.000000e+00
3.234043 1.328307e+01 -9.304968e+01 3.525884e-02 -2.469928e-01 1.000000e+00 -0.000000e+00
3.241552 8.879569e+00 -9.357263e+01 2.357010e-02 -2.483809e-01 1.000000e+00 -0.000000e+00
3.249061 4.456300e+00 -9.388730e+01 1.182889e-02 -2.492162e-01 1.000000e+00 -0.000000e+00
3.256571 2.311246e-02 -9.399299e+01 6.135015e-05 -2.494968e-01 1.000000e+00 -0.000000e+00
3.264080 -4.410127e+00 -9.388948e+01 -1.170632e-02 -2.492220e-01 1.000000e+00 -9.439004e-18
3.271589 -8.833550e+00 -9.357698e+01 -2.344794e-02 -2.483925e-01 1.000000e+00 -0.000000e+00
3.279099 -1.323731e+01 -9.305620e+01 -3.513737e-02 -2.470101e-01 1.000000e+00 1.871046e-17
3.286608 -1.761161e+01 -9.232830e+01 -4.674859e-02 -2.450780e-01 1.000000e+00 3.712821e-17
3.294118 -2.194671e+01 -9.139489e+01 -5.825575e-02 -2.426003e-01 1.000000e+00 -3.675286e-17
3.301627 -2.623296e+01 -9.025805e+01 -6.963325e-02 -2.395827e-01 1.000000e+00 -0.000000e+00
3.309136 -3.046081e+01 -8.892031e+01 -8.085576e-02 -2.360317e-01 1.000000e+00 -0.000000e+00
3.316646 -3.462087e+01 -8.738466e+01 -9.189829e-02 -2.319555e-01 1.000000e+00 -0.000000e+00
3.324155 -3.870387e+01 -8.565450e+01 -1.027363e-01 -2.273629e-01 1.000000e+00 -0.000000e+00
3.331665 -4.270072e+01 -8.373369e+01 -1.133456e-01 -2.222643e-01 1.000000e+00 -1.346882e-16
3.339174 -4.660253e+01 -8.162651e+01 -1.237026e-01 -2.166709e-01 1.000000e+00 -0.000000e+00
3.346683 -5.040061e+01 -7.933764e+01 -1.337843e-01 -2.105953e-01 1.000000e+00 -6.380850e-17
3.354193 -5.408651e+01 -7.687218e+01 -1.435682e-01 -2.040510e-01 1.000000e+00 -0.000000e+00
3.361702 -5.765202e+01 -7.423562e+01 -1.530326e-01 -1.970524e-01 1.000000e+00 -0.000000e+00
3.369212 -6.108921e+01 -7.143383e+01 -1.621563e-01 -1.896153e-01 1.000000e+00 -0.000000e+00
3.376721 -6.439043e+01 -6.847303e+01 -1.709192e-01 -1.817561e-01 1.000000e+00 -0.000000e+00
3.384230 -6.754832e+01 -6.535983e+01 -1.793015e-01 -1.734924e-01 1.000000e+00 -0.000000e+00
3.391740 -7.055587e+01 -6.210115e+01 -1.872848e-01 -1.648425e-01 1.000000e+00 -5.674562e-17
3.399249 -7.340637e+01 -5.870424e+01 -1.948512e-01 -1.558256e-01 1.000000e+00 5.903818e-17
3.406758 -7.609348e+01 -5.517667e+01 -2.019840e-01 -1.464620e-01 1.000000e+00 -0.000000e+00
3.414268 -7.861122e+01 -5.152629e+01 -2.086671e-01 -1.367724e-01 1.000000e+00 -0.000000e+00
3.421777 -8.095399e+01 -4.776122e+01 -2.148858e-01 -1.267783e-01 1.000000e+00 -6.510847e-17
3.429287 -8.311657e+01 -4.388984e+01 -2.206262e-01 -1.165020e-01 1.000000e+00 -0.000000e+00
3.436796 -8.509415e+01 -3.992077e+01 -2.258755e-01 -1.059664e-01 1.000000e+00 -0.000000e+00
3.444305 -8.688233e+01 -3.586285e+01 -2.306221e-01 -9.519502e-02 1.000000e+00 6.987643e-17
3.451815 -8.847712e+01 -3.172510e+01 -2.348553e-01 -8.421170e-02 1.000000e+00 -0.000000e+00
3.459324 -8.987498e+01 -2.751674e+01 -2.385658e-01 -7.304094e-02 1.000000e+00 3.614166e-17
3.466834 -9.107280e+01 -2.324713e+01 -2.417453e-01 -6.170761e-02 1.000000e+00 -0.000000e+00
3.474343 -9.206790e+01 -1.892577e+01 -2.443868e-01 -5.023693e-02 1.000000e+00 -0.000000e+00
3.481852 -9.285808e+01 -1.456230e+01 -2.464842e-01 -3.865443e-02 1.000000e+00 1.867063e-17
3.489362 -9.344157e+01 -1.016640e+01 -2.480331e-01 -2.698589e-02 1.000000e+00 -0.000000e+00
3.496871 -9.381708e+01 -5.747884e+00 -2.490298e-01 -1.525729e-02 1.000000e+00 -0.000000e+00
3.504380 -9.398377e+01 -1.316570e+00 -2.494723e-01 -3.494728e-03 1.000000e+00 -0.000000e+00
3.511890 -9.394128e+01 3.117674e+00 -2.493595e-01 8.275613e-03 1.000000e+00 4.722106e-18
3.519399 -9.368968e+01 7.544979e+00 -2.486916e-01 2.002753e-02 1.000000e+00 -9.418918e-18
3.526909 -9.322955e+01 1.195549e+01 -2.474703e-01 3.173488e-02 1.000000e+00 1.874532e-17
3.534418 -9.256191e+01 1.633939e+01 -2.456981e-01 4.337158e-02 1.000000e+00 -0.000000e+00
3.541927 -9.168825e+01 2.068692e+01 -2.433790e-01 5.491175e-02 1.000000e+00 3.687083e-17
3.549437 -9.061050e+01 2.498841e+01 -2.405182e-01 6.632970e-02 1.000000e+00 -0.000000e+00
3.556946 -8.933107e+01 2.923428e+01 -2.371221e-01 7.760001e-02 1.000000e+00 -0.000000e+00
3.564456 -8.785281e+01 3.341507e+01 -2.331981e-01 8.869760e-02 1.000000e+00 -0.000000e+00
3.571965 -8.617900e+01 3.752150e+01 -2.287552e-01 9.959776e-02 1.000000e+00 -6.931076e-17
3.579474 -8.431338e+01 4.154440e+01 -2.238030e-01 1.102762e-01 1.000000e+00 -0.000000e+00
3.586984 -8.226009e+01 4.547484e+01 -2.183527e-01 1.207093e-01 1.000000e+00 -6.615892e-17
3.594493 -8.002370e+01 4.930406e+01 -2.124164e-01 1.308736e-01 1.000000e+00 -6.436027e-17
3.602003 -7.760920e+01 5.302353e+01 -2.060073e-01 1.407467e-01 1.000000e+00 6.241837e-17
3.609512 -7.502196e+01 5.662499e+01 -1.991397e-01 1.503064e-01 1.000000e+00 6.033754e-17
3.617021 -7.226772e+01 6.010041e+01 -1.918288e-01 1.595316e-01 1.000000e+00 -0.000000e+00
3.624531 -6.935264e+01 6.344206e+01 -1.840909e-01 1.684018e-01 1.000000e+00 -5.577791e-17
3.632040 -6.628319e+01 6.664249e+01 -1.759433e-01 1.768971e-01 1.000000e+00 0.000000e+00
3.639549 -6.306621e+01 6.969460e+01 -1.674041e-01 1.849986e-01 1.000000e+00 -5.605293e-17
3.647059 -5.970885e+01 7.259157e+01 -1.584923e-01 1.926884e-01 1.000000e+00 5.838287e-17
3.654568 -5.621859e+01 7.532698e+01 -1.492277e-01 1.999493e-01 1.000000e+00 6.058286e-17
3.662078 -5.260320e+01 7.789471e+01 -1.396309e-01 2.067652e-01 1.000000e+00 6.264800e-17
3.669587 -4.887072e+01 8.028907e+01 -1.297234e-01 2.131208e-01 1.000000e+00 0.000000e+00
3.677096 -4.502947e+01 8.250473e+01 -1.195271e-01 2.190021e-01 1.000000e+00 0.000000e+00
3.684606 -4.108799e+01 8.453674e+01 -1.090647e-01 2.243959e-01 1.000000e+00 0.000000e+00
3.692115 -3.705506e+01 8.638059e+01 -9.835965e-02 2.292902e-01 1.000000e+00 0.000000e+00
3.699625 -3.293965e+01 8.803217e+01 -8.743562e-02 2.336742e-01 1.000000e+00 0.000000e+00
3.707134 -2.875092e+01 8.948781e+01 -7.631699e-02 2.375381e-01 1.000000e+00 -3.598596e-17
3.714643 -2.449820e+01 9.074426e+01 -6.502848e-02 2.408733e-01 1.000000e+00 3.649122e-17
3.722153 -2.019095e+01 9.179874e+01 -5.359523e-02 2.436723e-01 1.000000e+00 0.000000e+00
3.729662 -1.583876e+01 9.264889e+01 -4.204270e-02 2.459289e-01 1.000000e+00 0.000000e+00
3.737171 -1.145131e+01 9.329282e+01 -3.039658e-02 2.476382e-01 1.000000e+00 1.875804e-17
3.744681 -7.038378e+00 9.372910e+01 -1.868280e-02 2.487963e-01 1.000000e+00 -9.422881e-18
3.752190 -2.609778e+00 9.395676e+01 -6.927444e-03 2.494006e-01 1.000000e+00 -4.722884e-18
3.759700 1.824631e+00 9.397528e+01 4.843334e-03 2.494498e-01 1.000000e+00 -2.361908e-18
3.767209 6.254979e+00 9.378464e+01 1.660333e-02 2.489437e-01 1.000000e+00 9.428464e-18
3.774718 1.067140e+01 9.338525e+01 2.832637e-02 2.478835e-01 1.000000e+00 -1.877662e-17
3.782228 1.506408e+01 9.277800e+01 3.998637e-02 2.462717e-01 1.000000e+00 0.000000e+00
3.789737 1.942322e+01 9.196424e+01 5.155736e-02 2.441116e-01 1.000000e+00 0.000000e+00
3.797247 2.373913e+01 9.094579e+01 6.301359e-02 2.414082e-01 1.000000e+00 -3.657226e-17
3.804756 2.800220e+01 8.972491e+01 7.432957e-02 2.381675e-01 1.000000e+00 -3.608131e-17
3.812265 3.220295e+01 8.830432e+01 8.548011e-02 2.343966e-01 1.000000e+00 0.000000e+00
3.819775 3.633201e+01 8.668718e+01 9.644038e-02 2.301041e-01 1.000000e+00 0.000000e+00
3.827284 4.038021e+01 8.487710e+01 1.071860e-01 2.252994e-01 1.000000e+00 0.000000e+00
3.834793 4.433853e+01 8.287809e+01 1.176930e-01 2.199932e-01 1.000000e+00 0.000000e+00
3.842303 4.819816e+01 8.069461e+01 1.279381e-01 2.141973e-01 1.000000e+00 0.000000e+00
3.849812 5.195051e+01 7.833152e+01 1.378984e-01 2.079247e-01 1.000000e+00 0.000000e+00
3.857322 5.558723e+01 7.579408e+01 1.475518e-01 2.011892e-01 1.000000e+00 0.000000e+00
3.864831 5.910022e+01 7.308794e+01 1.568767e-01 1.940060e-01 1.000000e+00 -5.878208e-17
3.872340 6.248167e+01 7.021911e+01 1.658525e-01 1.863909e-01 1.000000e+00 -5.647478e-17
3.879850 6.572404e+01 6.719400e+01 1.744591e-01 1.783610e-01 1.000000e+00 0.000000e+00
3.887359 6.882013e+01 6.401932e+01 1.826774e-01 1.699341e-01 1.000000e+00 0.000000e+00
3.894869 7.176303e+01 6.070214e+01 1.904891e-01 1.611289e-01 1.000000e+00 0.000000e+00
3.902378 7.454621e+01 5.724986e+01 1.978768e-01 1.519651e-01 1.000000e+00 0.000000e+00
3.909887 7.716345e+01 5.367015e+01 2.048241e-01 1.424630e-01 1.000000e+00 6.205987e-17
3.917397 7.960895e+01 4.997097e+01 2.113155e-01 1.326439e-01 1.000000e+00 6.402670e-17
3.924906 8.187725e+01 4.616058e+01 2.173365e-01 1.225295e-01 1.000000e+00 0.000000e+00
3.932416 8.396331e+01 4.224743e+01 2.228738e-01 1.121424e-01 1.000000e+00 0.000000e+00
3.939925 8.586248e+01 3.824026e+01 2.279150e-01 1.015056e-01 1.000000e+00 0.000000e+00
3.947434 8.757054e+01 3.414796e+01 2.324489e-01 9.064299e-02 1.000000e+00 0.000000e+00
3.954944 8.908369e+01 2.997966e+01 2.364654e-01 7.957858e-02 1.000000e+00 0.000000e+00
3.962453 9.039855e+01 2.574463e+01 2.399556e-01 6.833704e-02 1.000000e+00 3.635220e-17
3.969962 9.151220e+01 2.145230e+01 2.429117e-01 5.694339e-02 1.000000e+00 0.000000e+00
3.977472 9.242216e+01 1.711222e+01 2.453271e-01 4.542300e-02 1.000000e+00 0.000000e+00
3.984981 9.312640e+01 1.273405e+01 2.471965e-01 3.380151e-02 1.000000e+00 0.000000e+00
3.992491 9.362337e+01 8.327540e+00 2.485156e-01 2.210478e-02 1.000000e+00 0.000000e+00
4.000000 9.391195e+01 3.902492e+00 2.492816e-01 1.035885e-02 1.000000e+00 0.000000e+00
