f abs_E_z
1.000000e+05 2.242992e-01
1.011599e+05 2.216278e-01
1.023332e+05 2.189861e-01
1.035202e+05 2.163738e-01
1.047209e+05 2.137906e-01
1.059356e+05 2.112360e-01
1.071643e+05 2.087098e-01
1.084073e+05 2.062116e-01
1.096647e+05 2.037411e-01
1.109367e+05 2.012980e-01
1.122234e+05 1.988820e-01
1.135251e+05 1.964928e-01
1.148418e+05 1.941300e-01
1.161739e+05 1.917933e-01
1.175214e+05 1.894825e-01
1.188845e+05 1.871973e-01
1.202634e+05 1.849373e-01
1.216583e+05 1.827023e-01
1.230694e+05 1.804919e-01
1.244969e+05 1.783060e-01
1.259409e+05 1.761442e-01
1.274017e+05 1.740062e-01
1.288794e+05 1.718918e-01
1.303743e+05 1.698007e-01
1.318865e+05 1.677327e-01
1.334162e+05 1.656874e-01
1.349637e+05 1.636646e-01
1.365291e+05 1.616641e-01
1.381127e+05 1.596856e-01
1.397147e+05 1.577289e-01
1.413352e+05 1.557937e-01
1.429746e+05 1.538798e-01
1.446329e+05 1.519869e-01
1.463105e+05 1.501148e-01
1.480075e+05 1.482633e-01
1.497243e+05 1.464321e-01
1.514609e+05 1.446210e-01
1.532177e+05 1.428299e-01
1.549948e+05 1.410584e-01
1.567926e+05 1.393063e-01
1.586112e+05 1.375735e-01
1.604509e+05 1.358597e-01
1.623120e+05 1.341648e-01
1.641946e+05 1.324884e-01
1.660991e+05 1.308305e-01
1.680257e+05 1.291908e-01
1.699746e+05 1.275691e-01
1.719461e+05 1.259653e-01
1.739405e+05 1.243791e-01
1.759580e+05 1.228103e-01
1.779989e+05 1.212588e-01
1.800635e+05 1.197244e-01
1.821520e+05 1.182069e-01
1.842648e+05 1.167061e-01
1.864021e+05 1.152218e-01
1.885641e+05 1.137540e-01
1.907513e+05 1.123023e-01
1.929638e+05 1.108668e-01
1.952019e+05 1.094471e-01
1.974661e+05 1.080431e-01
1.997565e+05 1.066547e-01
2.020734e+05 1.052817e-01
2.044172e+05 1.039239e-01
2.067883e+05 1.025813e-01
2.091868e+05 1.012537e-01
2.116131e+05 9.994081e-02
2.140676e+05 9.864265e-02
2.165505e+05 9.735902e-02
2.190623e+05 9.608979e-02
2.216032e+05 9.483482e-02
2.241735e+05 9.359398e-02
2.267737e+05 9.236715e-02
2.294040e+05 9.115419e-02
2.320648e+05 8.995497e-02
2.347565e+05 8.876938e-02
2.374795e+05 8.759730e-02
2.402340e+05 8.643860e-02
2.430204e+05 8.529317e-02
2.458392e+05 8.416089e-02
2.486906e+05 8.304166e-02
2.515752e+05 8.193537e-02
2.544932e+05 8.084190e-02
2.574450e+05 7.976115e-02
2.604311e+05 7.869302e-02
2.634518e+05 7.763741e-02
2.665075e+05 7.659422e-02
2.695987e+05 7.556335e-02
2.727258e+05 7.454471e-02
2.758891e+05 7.353821e-02
2.790891e+05 7.254376e-02
2.823262e+05 7.156126e-02
2.856009e+05 7.059063e-02
2.889136e+05 6.963179e-02
2.922647e+05 6.868466e-02
2.956546e+05 6.774915e-02
2.990839e+05 6.682518e-02
3.025529e+05 6.591269e-02
3.060622e+05 6.501159e-02
3.096122e+05 6.412182e-02
3.132033e+05 6.324329e-02
3.168361e+05 6.237596e-02
3.205111e+05 6.151973e-02
3.242287e+05 6.067456e-02
3.279894e+05 5.984038e-02
3.317937e+05 5.901712e-02
3.356421e+05 5.820473e-02
3.395352e+05 5.740315e-02
3.434734e+05 5.661233e-02
3.474573e+05 5.583220e-02
3.514875e+05 5.506273e-02
3.555643e+05 5.430385e-02
3.596885e+05 5.355552e-02
3.638605e+05 5.281769e-02
3.680809e+05 5.209032e-02
3.723502e+05 5.137336e-02
3.766690e+05 5.066678e-02
3.810380e+05 4.997053e-02
3.854576e+05 4.928457e-02
3.899285e+05 4.860888e-02
3.944512e+05 4.794341e-02
3.990264e+05 4.728814e-02
4.036547e+05 4.664303e-02
4.083367e+05 4.600806e-02
4.130729e+05 4.538320e-02
4.178641e+05 4.476842e-02
4.227109e+05 4.416371e-02
4.276138e+05 4.356903e-02
4.325737e+05 4.298438e-02
4.375911e+05 4.240974e-02
4.426666e+05 4.184508e-02
4.478011e+05 4.129040e-02
4.529951e+05 4.074569e-02
4.582493e+05 4.021093e-02
4.635645e+05 3.968613e-02
4.689414e+05 3.917126e-02
4.743806e+05 3.866633e-02
4.798828e+05 3.817134e-02
4.854490e+05 3.768629e-02
4.910796e+05 3.721117e-02
4.967756e+05 3.674599e-02
5.025377e+05 3.629075e-02
5.083665e+05 3.584547e-02
5.142630e+05 3.541014e-02
5.202279e+05 3.498478e-02
5.262620e+05 3.456940e-02
5.323660e+05 3.416400e-02
5.385409e+05 3.376861e-02
5.447874e+05 3.338323e-02
5.511063e+05 3.300788e-02
5.574985e+05 3.264258e-02
5.639649e+05 3.228734e-02
5.705063e+05 3.194217e-02
5.771235e+05 3.160710e-02
5.838175e+05 3.128215e-02
5.905892e+05 3.096732e-02
5.974393e+05 3.066263e-02
6.043690e+05 3.036811e-02
6.113790e+05 3.008376e-02
6.184703e+05 2.980961e-02
6.256439e+05 2.954566e-02
6.329007e+05 2.929192e-02
6.402416e+05 2.904842e-02
6.476677e+05 2.881514e-02
6.551800e+05 2.859211e-02
6.627793e+05 2.837933e-02
6.704668e+05 2.817679e-02
6.782435e+05 2.798449e-02
6.861104e+05 2.780244e-02
6.940685e+05 2.763061e-02
7.021189e+05 2.746901e-02
7.102627e+05 2.731761e-02
7.185010e+05 2.717640e-02
7.268348e+05 2.704535e-02
7.352653e+05 2.692443e-02
7.437936e+05 2.681361e-02
7.524208e+05 2.671286e-02
7.611480e+05 2.662213e-02
7.699765e+05 2.654139e-02
7.789074e+05 2.647056e-02
7.879418e+05 2.640961e-02
7.970811e+05 2.635847e-02
8.063263e+05 2.631708e-02
8.156788e+05 2.628537e-02
8.251398e+05 2.626326e-02
8.347105e+05 2.625068e-02
8.443923e+05 2.624754e-02
8.541863e+05 2.625376e-02
8.640939e+05 2.626924e-02
8.741164e+05 2.629390e-02
8.842552e+05 2.632764e-02
8.945116e+05 2.637036e-02
9.048869e+05 2.642194e-02
9.153826e+05 2.648230e-02
9.260001e+05 2.655131e-02
9.367406e+05 2.662887e-02
9.476058e+05 2.671487e-02
9.585970e+05 2.680919e-02
9.697157e+05 2.691172e-02
9.809633e+05 2.702234e-02
9.923414e+05 2.714094e-02
1.003851e+06 2.726739e-02
1.015495e+06 2.740158e-02
1.027274e+06 2.754339e-02
1.039189e+06 2.769271e-02
1.051242e+06 2.784941e-02
1.063436e+06 2.801338e-02
1.075770e+06 2.818450e-02
1.088248e+06 2.836267e-02
1.100870e+06 2.854775e-02
1.113639e+06 2.873965e-02
1.126556e+06 2.893826e-02
1.139623e+06 2.914345e-02
1.152842e+06 2.935513e-02
1.166213e+06 2.957318e-02
1.179740e+06 2.979751e-02
1.193424e+06 3.002800e-02
1.207266e+06 3.026457e-02
1.221269e+06 3.050710e-02
1.235434e+06 3.075550e-02
1.249764e+06 3.100968e-02
1.264260e+06 3.126953e-02
1.278924e+06 3.153498e-02
1.293758e+06 3.180593e-02
1.308764e+06 3.208228e-02
1.323945e+06 3.236396e-02
1.339301e+06 3.265087e-02
1.354835e+06 3.294294e-02
1.370550e+06 3.324008e-02
1.386447e+06 3.354221e-02
1.402528e+06 3.384924e-02
1.418796e+06 3.416112e-02
1.435252e+06 3.447774e-02
1.451900e+06 3.479905e-02
1.468740e+06 3.512496e-02
1.485776e+06 3.545540e-02
1.503009e+06 3.579029e-02
1.520442e+06 3.612957e-02
1.538078e+06 3.647315e-02
1.555918e+06 3.682098e-02
1.573965e+06 3.717297e-02
1.592221e+06 3.752906e-02
1.610689e+06 3.788916e-02
1.629371e+06 3.825323e-02
1.648270e+06 3.862116e-02
1.667388e+06 3.899291e-02
1.686728e+06 3.936839e-02
1.706292e+06 3.974753e-02
1.726083e+06 4.013026e-02
1.746104e+06 4.051650e-02
1.766357e+06 4.090618e-02
1.786845e+06 4.129921e-02
1.807570e+06 4.169553e-02
1.828536e+06 4.209504e-02
1.849745e+06 4.249768e-02
1.871200e+06 4.290335e-02
1.892904e+06 4.331197e-02
1.914859e+06 4.372345e-02
1.937070e+06 4.413771e-02
1.959538e+06 4.455465e-02
1.982266e+06 4.497419e-02
2.005258e+06 4.539621e-02
2.028517e+06 4.582063e-02
2.052045e+06 4.624735e-02
2.075847e+06 4.667625e-02
2.099924e+06 4.710723e-02
2.124281e+06 4.754018e-02
2.148921e+06 4.797498e-02
2.173846e+06 4.841152e-02
2.199060e+06 4.884968e-02
2.224567e+06 4.928932e-02
2.250369e+06 4.973032e-02
2.276471e+06 5.017254e-02
2.302875e+06 5.061584e-02
2.329586e+06 5.106009e-02
2.356607e+06 5.150514e-02
2.383941e+06 5.195082e-02
2.411592e+06 5.239699e-02
2.439564e+06 5.284348e-02
2.467860e+06 5.329012e-02
2.496485e+06 5.373674e-02
2.525441e+06 5.418317e-02
2.554733e+06 5.462921e-02
2.584365e+06 5.507468e-02
2.614341e+06 5.551938e-02
2.644665e+06 5.596310e-02
2.675340e+06 5.640565e-02
2.706371e+06 5.684680e-02
2.737762e+06 5.728633e-02
2.769517e+06 5.772401e-02
2.801640e+06 5.815962e-02
2.834136e+06 5.859290e-02
2.867009e+06 5.902360e-02
2.900263e+06 5.945149e-02
2.933903e+06 5.987628e-02
2.967933e+06 6.029770e-02
3.002358e+06 6.071549e-02
3.037182e+06 6.112936e-02
3.072410e+06 6.153901e-02
3.108046e+06 6.194415e-02
3.144096e+06 6.234447e-02
3.180564e+06 6.273965e-02
3.217455e+06 6.312938e-02
3.254774e+06 6.351332e-02
3.292526e+06 6.389113e-02
3.330716e+06 6.426249e-02
3.369348e+06 6.462703e-02
3.408429e+06 6.498440e-02
3.447963e+06 6.533424e-02
3.487956e+06 6.567617e-02
3.528412e+06 6.600983e-02
3.569338e+06 6.633482e-02
3.610738e+06 6.665077e-02
3.652619e+06 6.695728e-02
3.694985e+06 6.725396e-02
3.737843e+06 6.754040e-02
3.781198e+06 6.781620e-02
3.825055e+06 6.808095e-02
3.869422e+06 6.833425e-02
3.914303e+06 6.857568e-02
3.959704e+06 6.880483e-02
4.005633e+06 6.902130e-02
4.052094e+06 6.922467e-02
4.099093e+06 6.941453e-02
4.146638e+06 6.959049e-02
4.194735e+06 6.975214e-02
4.243389e+06 6.989910e-02
4.292608e+06 7.003098e-02
4.342397e+06 7.014740e-02
4.392764e+06 7.024801e-02
4.443715e+06 7.033246e-02
4.495258e+06 7.040042e-02
4.547398e+06 7.045158e-02
4.600143e+06 7.048564e-02
4.653499e+06 7.050234e-02
4.707475e+06 7.050144e-02
4.762076e+06 7.048272e-02
4.817311e+06 7.044602e-02
4.873186e+06 7.039119e-02
4.929710e+06 7.031814e-02
4.986889e+06 7.022682e-02
5.044732e+06 7.011723e-02
5.103245e+06 6.998942e-02
5.162437e+06 6.984351e-02
5.222315e+06 6.967970e-02
5.282889e+06 6.949823e-02
5.344164e+06 6.929945e-02
5.406151e+06 6.908377e-02
5.468856e+06 6.885171e-02
5.532289e+06 6.860389e-02
5.596457e+06 6.834104e-02
5.661370e+06 6.806399e-02
5.727036e+06 6.777370e-02
5.793463e+06 6.747129e-02
5.860661e+06 6.715797e-02
5.928638e+06 6.683515e-02
5.997404e+06 6.650437e-02
6.066967e+06 6.616733e-02
6.137337e+06 6.582592e-02
6.208523e+06 6.548220e-02
6.280535e+06 6.513843e-02
6.353383e+06 6.479703e-02
6.427075e+06 6.446063e-02
6.501622e+06 6.413204e-02
6.577033e+06 6.381429e-02
6.653320e+06 6.351054e-02
6.730491e+06 6.322417e-02
6.808557e+06 6.295869e-02
6.887529e+06 6.271777e-02
6.967417e+06 6.250519e-02
7.048231e+06 6.232481e-02
7.129983e+06 6.218058e-02
7.212683e+06 6.207642e-02
7.296342e+06 6.201625e-02
7.380971e+06 6.200390e-02
7.466583e+06 6.204308e-02
7.553187e+06 6.213729e-02
7.640795e+06 6.228978e-02
7.729420e+06 6.250350e-02
7.819073e+06 6.278103e-02
7.909765e+06 6.312451e-02
8.001510e+06 6.353563e-02
8.094319e+06 6.401554e-02
8.188204e+06 6.456483e-02
8.283178e+06 6.518353e-02
8.379254e+06 6.587105e-02
8.476444e+06 6.662619e-02
8.574761e+06 6.744716e-02
8.674219e+06 6.833154e-02
8.774830e+06 6.927635e-02
8.876609e+06 7.027804e-02
8.979568e+06 7.133254e-02
9.083721e+06 7.243527e-02
9.189082e+06 7.358120e-02
9.295665e+06 7.476487e-02
9.403485e+06 7.598045e-02
9.512555e+06 7.722174e-02
9.622890e+06 7.848226e-02
9.734505e+06 7.975524e-02
9.847414e+06 8.103368e-02
9.961633e+06 8.231040e-02
1.007718e+07 8.357803e-02
1.019406e+07 8.482908e-02
1.031230e+07 8.605597e-02
1.043191e+07 8.725107e-02
1.055291e+07 8.840669e-02
1.067531e+07 8.951520e-02
1.079914e+07 9.056899e-02
1.092439e+07 9.156055e-02
1.105110e+07 9.248251e-02
1.117928e+07 9.332768e-02
1.130895e+07 9.408911e-02
1.144012e+07 9.476016e-02
1.157282e+07 9.533453e-02
1.170705e+07 9.580634e-02
1.184284e+07 9.617025e-02
1.198020e+07 9.642146e-02
1.211916e+07 9.655588e-02
1.225973e+07 9.657017e-02
1.240193e+07 9.646191e-02
1.254578e+07 9.622967e-02
1.269129e+07 9.587314e-02
1.283850e+07 9.539332e-02
1.298741e+07 9.479262e-02
1.313805e+07 9.407507e-02
1.329044e+07 9.324645e-02
1.344459e+07 9.231451e-02
1.360053e+07 9.128914e-02
1.375828e+07 9.018253e-02
1.391787e+07 8.900939e-02
1.407930e+07 8.778705e-02
1.424260e+07 8.653560e-02
1.440780e+07 8.527788e-02
1.457491e+07 8.403946e-02
1.474397e+07 8.284840e-02
1.491498e+07 8.173487e-02
1.508798e+07 8.073056e-02
1.526298e+07 7.986779e-02
1.544002e+07 7.917846e-02
1.561910e+07 7.869260e-02
1.580027e+07 7.843696e-02
1.598353e+07 7.843332e-02
1.616892e+07 7.869710e-02
1.635647e+07 7.923611e-02
1.654618e+07 8.004975e-02
1.673810e+07 8.112877e-02
1.693224e+07 8.245545e-02
1.712864e+07 8.400436e-02
1.732731e+07 8.574340e-02
1.752829e+07 8.763511e-02
1.773160e+07 8.963796e-02
1.793727e+07 9.170774e-02
1.814532e+07 9.379871e-02
1.835578e+07 9.586471e-02
1.856869e+07 9.786006e-02
1.878407e+07 9.974042e-02
1.900194e+07 1.014634e-01
1.922234e+07 1.029895e-01
1.944530e+07 1.042822e-01
1.967085e+07 1.053092e-01
1.989901e+07 1.060427e-01
2.012981e+07 1.064602e-01
2.036330e+07 1.065451e-01
2.059949e+07 1.062877e-01
2.083842e+07 1.056863e-01
2.108012e+07 1.047475e-01
2.132463e+07 1.034881e-01
2.157197e+07 1.019357e-01
2.182218e+07 1.001297e-01
2.207529e+07 9.812302e-02
2.233134e+07 9.598219e-02
2.259036e+07 9.378790e-02
2.285239e+07 9.163426e-02
2.311745e+07 8.962661e-02
2.338559e+07 8.787730e-02
2.365683e+07 8.649893e-02
2.393123e+07 8.559514e-02
2.420880e+07 8.524961e-02
2.448960e+07 8.551526e-02
2.477365e+07 8.640602e-02
2.506100e+07 8.789325e-02
2.535168e+07 8.990773e-02
2.564573e+07 9.234654e-02
2.594319e+07 9.508260e-02
2.624410e+07 9.797489e-02
2.654850e+07 1.008777e-01
2.685644e+07 1.036483e-01
2.716794e+07 1.061526e-01
2.748306e+07 1.082695e-01
2.780183e+07 1.098951e-01
2.812431e+07 1.109452e-01
2.845052e+07 1.113584e-01
2.878051e+07 1.110997e-01
2.911433e+07 1.101636e-01
2.945203e+07 1.085777e-01
2.979364e+07 1.064069e-01
3.013921e+07 1.037572e-01
3.048879e+07 1.007790e-01
3.084243e+07 9.766789e-02
3.120017e+07 9.466135e-02
3.156206e+07 9.202681e-02
3.192814e+07 9.003823e-02
3.229847e+07 8.893940e-02
3.267310e+07 8.889946e-02
3.305207e+07 8.997381e-02
3.343544e+07 9.208627e-02
3.382325e+07 9.504040e-02
3.421556e+07 9.855360e-02
3.461243e+07 1.022994e-01
3.501389e+07 1.059454e-01
3.542002e+07 1.091815e-01
3.583085e+07 1.117389e-01
3.624645e+07 1.134032e-01
3.666687e+07 1.140246e-01
3.709216e+07 1.135272e-01
3.752239e+07 1.119182e-01
3.795761e+07 1.092987e-01
3.839787e+07 1.058732e-01
3.884325e+07 1.019582e-01
3.929379e+07 9.798014e-02
3.974955e+07 9.445331e-02
4.021060e+07 9.192042e-02
4.067700e+07 9.084679e-02
4.114881e+07 9.149027e-02
4.162609e+07 9.380749e-02
4.210891e+07 9.745473e-02
4.259732e+07 1.018801e-01
4.309140e+07 1.064491e-01
4.359122e+07 1.105490e-01
4.409683e+07 1.136569e-01
4.460830e+07 1.153800e-01
4.512571e+07 1.154812e-01
4.564912e+07 1.139015e-01
4.617860e+07 1.107822e-01
4.671422e+07 1.064871e-01
4.725605e+07 1.016162e-01
4.780417e+07 9.698770e-02
4.835865e+07 9.354316e-02
4.891955e+07 9.212901e-02
4.948696e+07 9.318959e-02
5.006096e+07 9.655034e-02
5.064161e+07 1.014688e-01
5.122900e+07 1.069028e-01
5.182320e+07 1.117947e-01
5.242429e+07 1.152588e-01
5.303235e+07 1.166793e-01
5.364747e+07 1.157664e-01
5.426972e+07 1.126003e-01
5.489919e+07 1.076752e-01
5.553596e+07 1.019269e-01
5.618012e+07 9.668987e-02
5.683174e+07 9.345963e-02
5.749093e+07 9.336392e-02
5.815776e+07 9.655941e-02
5.883233e+07 1.020913e-01
5.951472e+07 1.083600e-01
6.020502e+07 1.137269e-01
6.090333e+07 1.169011e-01
6.160975e+07 1.171205e-01
6.232435e+07 1.142479e-01
6.304724e+07 1.088486e-01
6.377852e+07 1.022468e-01
6.451828e+07 9.644629e-02
6.526662e+07 9.364029e-02
6.602365e+07 9.514308e-02
6.678945e+07 1.004480e-01
6.756413e+07 1.075050e-01
6.834780e+07 1.138513e-01
6.914056e+07 1.174972e-01
6.994251e+07 1.173249e-01
7.075377e+07 1.132663e-01
7.157444e+07 1.064288e-01
7.240462e+07 9.913275e-02
7.324443e+07 9.449842e-02
7.409399e+07 9.499277e-02
7.495340e+07 1.005283e-01
7.582277e+07 1.084114e-01
7.670223e+07 1.151998e-01
7.759190e+07 1.182545e-01
7.849188e+07 1.163833e-01
7.940229e+07 1.101055e-01
8.032327e+07 1.018094e-01
8.125494e+07 9.548420e-02
8.219740e+07 9.497016e-02
8.315080e+07 1.008081e-01
8.411526e+07 1.095306e-01
8.509090e+07 1.165166e-01
8.607786e+07 1.184849e-01
8.707627e+07 1.144363e-01
8.808626e+07 1.060170e-01
8.910797e+07 9.756846e-02
9.014152e+07 9.466641e-02
9.118706e+07 9.972052e-02
9.224473e+07 1.091425e-01
9.331467e+07 1.168618e-01
9.439702e+07 1.185232e-01
9.549192e+07 1.130847e-01
9.659952e+07 1.033405e-01
9.771997e+07 9.566428e-02
9.885341e+07 9.645204e-02
1.000000e+08 1.052620e-01
