t y_true_re y_true_im y_rec_re y_rec_im rel_err_db
0.000000e+00 1.300921e+00 2.753711e+00 1.300921e+00 2.753711e+00 -228.034515
1.000000e-03 -5.314924e+00 8.494004e-01 -5.314924e+00 8.494004e-01 -236.480297
2.000000e-03 -9.797753e+00 -3.971230e+00 -9.797753e+00 -3.971230e+00 -246.640617
3.000000e-03 -1.112621e+01 -1.014746e+01 -1.112621e+01 -1.014746e+01 -255.158463
4.000000e-03 -9.256606e+00 -1.591185e+01 -9.256606e+00 -1.591185e+01 -264.260094
5.000000e-03 -5.034262e+00 -1.984038e+01 -5.034262e+00 -1.984038e+01 -275.828551
6.000000e-03 1.734780e-01 -2.124427e+01 1.734780e-01 -2.124427e+01 -280.911345
7.000000e-03 4.980195e+00 -2.028154e+01 4.980195e+00 -2.028154e+01 -275.157916
8.000000e-03 8.436603e+00 -1.776957e+01 8.436603e+00 -1.776957e+01 -267.936696
9.000000e-03 1.028247e+01 -1.478595e+01 1.028247e+01 -1.478595e+01 -262.582333
1.000000e-02 1.091706e+01 -1.221672e+01 1.091706e+01 -1.221672e+01 -258.863477
1.100000e-02 1.111666e+01 -1.042365e+01 1.111666e+01 -1.042365e+01 -256.487662
1.200000e-02 1.161994e+01 -9.151827e+00 1.161994e+01 -9.151827e+00 -255.439326
1.300000e-02 1.274861e+01 -7.705815e+00 1.274861e+01 -7.705815e+00 -255.473861
1.400000e-02 1.421428e+01 -5.320204e+00 1.421428e+01 -5.320204e+00 -256.307761
1.500000e-02 1.519143e+01 -1.576699e+00 1.519143e+01 -1.576699e+00 -257.457737
1.600000e-02 1.463482e+01 3.299262e+00 1.463482e+01 3.299262e+00 -257.900919
1.700000e-02 1.172655e+01 8.386666e+00 1.172655e+01 8.386666e+00 -256.554946
1.800000e-02 6.285663e+00 1.229733e+01 6.285663e+00 1.229733e+01 -254.100831
1.900000e-02 -1.018800e+00 1.361685e+01 -1.018800e+00 1.361685e+01 -251.855955
2.000000e-02 -8.744285e+00 1.141000e+01 -8.744285e+00 1.141000e+01 -250.579288
2.100000e-02 -1.503346e+01 5.613334e+00 -1.503346e+01 5.613334e+00 -250.222141
2.200000e-02 -1.814788e+01 -2.828975e+00 -1.814788e+01 -2.828975e+00 -250.495324
2.300000e-02 -1.700530e+01 -1.214587e+01 -1.700530e+01 -1.214587e+01 -251.097877
2.400000e-02 -1.154337e+01 -2.019064e+01 -1.154337e+01 -2.019064e+01 -251.796495
2.500000e-02 -2.787159e+00 -2.502525e+01 -2.787159e+00 -2.502525e+01 -252.576020
2.600000e-02 7.405736e+00 -2.545488e+01 7.405736e+00 -2.545488e+01 -253.345985
2.700000e-02 1.684400e+01 -2.134622e+01 1.684400e+01 -2.134622e+01 -254.100075
2.800000e-02 2.358866e+01 -1.363361e+01 2.358866e+01 -1.363361e+01 -254.941150
2.900000e-02 2.644484e+01 -4.019668e+00 2.644484e+01 -4.019668e+00 -255.784658
3.000000e-02 2.521307e+01 5.526103e+00 2.521307e+01 5.526103e+00 -256.701522
3.100000e-02 2.063638e+01 1.330647e+01 2.063638e+01 1.330647e+01 -257.660255
3.200000e-02 1.408012e+01 1.830488e+01 1.408012e+01 1.830488e+01 -258.848556
3.300000e-02 7.065736e+00 2.034650e+01 7.065736e+00 2.034650e+01 -260.253876
3.400000e-02 8.194936e-01 1.998327e+01 8.194936e-01 1.998327e+01 -261.720538
3.500000e-02 -4.018607e+00 1.816798e+01 -4.018607e+00 1.816798e+01 -263.073940
3.600000e-02 -7.445322e+00 1.584855e+01 -7.445322e+00 1.584855e+01 -263.658915
3.700000e-02 -9.912149e+00 1.363176e+01 -9.912149e+00 1.363176e+01 -262.741533
3.800000e-02 -1.200014e+01 1.163046e+01 -1.200014e+01 1.163046e+01 -261.121503
3.900000e-02 -1.408649e+01 9.534963e+00 -1.408649e+01 9.534963e+00 -259.526348
4.000000e-02 -1.613313e+01 6.864777e+00 -1.613313e+01 6.864777e+00 -258.378669
4.100000e-02 -1.767652e+01 3.291470e+00 -1.767652e+01 3.291470e+00 -257.443539
4.200000e-02 -1.801891e+01 -1.100092e+00 -1.801891e+01 -1.100092e+00 -256.552549
4.300000e-02 -1.654547e+01 -5.719271e+00 -1.654547e+01 -5.719271e+00 -255.607452
4.400000e-02 -1.304371e+01 -9.588910e+00 -1.304371e+01 -9.588910e+00 -254.398343
4.500000e-02 -7.899939e+00 -1.164010e+01 -7.899939e+00 -1.164010e+01 -252.775116
4.600000e-02 -2.091021e+00 -1.108073e+01 -2.091021e+00 -1.108073e+01 -250.671968
4.700000e-02 3.037728e+00 -7.707119e+00 3.037728e+00 -7.707119e+00 -247.957035
4.800000e-02 6.141695e+00 -2.045776e+00 6.141695e+00 -2.045776e+00 -245.819144
4.900000e-02 6.274005e+00 4.730890e+00 6.274005e+00 4.730890e+00 -247.624992
5.000000e-02 3.180305e+00 1.109448e+01 3.180305e+00 1.109448e+01 -251.265645
5.100000e-02 -2.605296e+00 1.556719e+01 -2.605296e+00 1.556719e+01 -254.351814
5.200000e-02 -9.894177e+00 1.711834e+01 -9.894177e+00 1.711834e+01 -256.682764
5.300000e-02 -1.716342e+01 1.542906e+01 -1.716342e+01 1.542906e+01 -258.446811
5.400000e-02 -2.296065e+01 1.094890e+01 -2.296065e+01 1.094890e+01 -259.836204
5.500000e-02 -2.626908e+01 4.736472e+00 -2.626908e+01 4.736472e+00 -260.641830
5.600000e-02 -2.672739e+01 -1.855946e+00 -2.672739e+01 -1.855946e+00 -261.060571
5.700000e-02 -2.465099e+01 -7.548972e+00 -2.465099e+01 -7.548972e+00 -261.143628
5.800000e-02 -2.086746e+01 -1.144151e+01 -2.086746e+01 -1.144151e+01 -260.794598
5.900000e-02 -1.643555e+01 -1.317207e+01 -1.643555e+01 -1.317207e+01 -260.086653
6.000000e-02 -1.234674e+01 -1.290728e+01 -1.234674e+01 -1.290728e+01 -258.690516
6.100000e-02 -9.301806e+00 -1.118771e+01 -9.301806e+00 -1.118771e+01 -256.850297
6.200000e-02 -7.618207e+00 -8.703192e+00 -7.618207e+00 -8.703192e+00 -254.424659
6.300000e-02 -7.272051e+00 -6.083462e+00 -7.272051e+00 -6.083462e+00 -251.700922
6.400000e-02 -8.031273e+00 -3.770723e+00 -8.031273e+00 -3.770723e+00 -250.102279
6.500000e-02 -9.610473e+00 -2.000682e+00 -9.610473e+00 -2.000682e+00 -249.891881
6.600000e-02 -1.178085e+01 -8.725275e-01 -1.178085e+01 -8.725275e-01 -250.324267
6.700000e-02 -1.439701e+01 -4.551865e-01 -1.439701e+01 -4.551865e-01 -251.093720
6.800000e-02 -1.734345e+01 -8.681980e-01 -1.734345e+01 -8.681980e-01 -251.829936
6.900000e-02 -2.044001e+01 -2.292830e+00 -2.044001e+01 -2.292830e+00 -252.680649
7.000000e-02 -2.336370e+01 -4.904198e+00 -2.336370e+01 -4.904198e+00 -253.545592
7.100000e-02 -2.563686e+01 -8.753267e+00 -2.563686e+01 -8.753267e+00 -254.259785
7.200000e-02 -2.670283e+01 -1.365305e+01 -2.670283e+01 -1.365305e+01 -255.064823
7.300000e-02 -2.607184e+01 -1.912600e+01 -2.607184e+01 -1.912600e+01 -255.757629
7.400000e-02 -2.348770e+01 -2.444821e+01 -2.348770e+01 -2.444821e+01 -256.383813
7.500000e-02 -1.905233e+01 -2.878951e+01 -1.905233e+01 -2.878951e+01 -257.005708
7.600000e-02 -1.325698e+01 -3.141061e+01 -1.325698e+01 -3.141061e+01 -257.471514
7.700000e-02 -6.900132e+00 -3.185460e+01 -6.900132e+00 -3.185460e+01 -257.931675
7.800000e-02 -9.128338e-01 -3.006919e+01 -9.128338e-01 -3.006919e+01 -258.380197
7.900000e-02 3.855189e+00 -2.641905e+01 3.855189e+00 -2.641905e+01 -258.787466
8.000000e-02 6.821345e+00 -2.158561e+01 6.821345e+00 -2.158561e+01 -258.897540
8.100000e-02 7.771785e+00 -1.639010e+01 7.771785e+00 -1.639010e+01 -258.689220
8.200000e-02 6.853918e+00 -1.160071e+01 6.853918e+00 -1.160071e+01 -257.704961
8.300000e-02 4.474395e+00 -7.786151e+00 4.474395e+00 -7.786151e+00 -254.804152
8.400000e-02 1.149546e+00 -5.256608e+00 1.149546e+00 -5.256608e+00 -250.470152
8.500000e-02 -2.631619e+00 -4.096636e+00 -2.631619e+00 -4.096636e+00 -249.427538
8.600000e-02 -6.482766e+00 -4.258672e+00 -6.482766e+00 -4.258672e+00 -253.249389
8.700000e-02 -1.011519e+01 -5.663524e+00 -1.011519e+01 -5.663524e+00 -256.672652
8.800000e-02 -1.327087e+01 -8.255382e+00 -1.327087e+01 -8.255382e+00 -259.569072
8.900000e-02 -1.564104e+01 -1.198256e+01 -1.564104e+01 -1.198256e+01 -262.342108
9.000000e-02 -1.682599e+01 -1.671205e+01 -1.682599e+01 -1.671205e+01 -264.586824
9.100000e-02 -1.637530e+01 -2.212094e+01 -1.637530e+01 -2.212094e+01 -266.123427
9.200000e-02 -1.391229e+01 -2.762579e+01 -1.391229e+01 -2.762579e+01 -266.886086
9.300000e-02 -9.305740e+00 -3.240379e+01 -9.305740e+00 -3.240379e+01 -266.176664
9.400000e-02 -2.822413e+00 -3.552756e+01 -2.822413e+00 -3.552756e+01 -264.685109
9.500000e-02 4.811089e+00 -3.619024e+01 4.811089e+00 -3.619024e+01 -262.549866
9.600000e-02 1.248478e+01 -3.395594e+01 1.248478e+01 -3.395594e+01 -259.680810
9.700000e-02 1.892216e+01 -2.894932e+01 1.892216e+01 -2.894932e+01 -256.423836
9.800000e-02 2.298735e+01 -2.190769e+01 2.298735e+01 -2.190769e+01 -252.934825
9.900000e-02 2.399346e+01 -1.405784e+01 2.399346e+01 -1.405784e+01 -249.259847
1.000000e-01 2.191213e+01 -6.837019e+00 2.191213e+01 -6.837019e+00 -245.308589
1.010000e-01 1.740882e+01 -1.532058e+00 1.740882e+01 -1.532058e+00 -240.886170
1.020000e-01 1.168036e+01 1.055828e+00 1.168036e+01 1.055828e+00 -235.574384
1.030000e-01 6.135756e+00 8.151180e-01 6.135756e+00 8.151180e-01 -228.410977
1.040000e-01 2.014325e+00 -1.670554e+00 2.014325e+00 -1.670554e+00 -219.467677
1.050000e-01 5.922569e-02 -5.320173e+00 5.922569e-02 -5.320173e+00 -224.278466
1.060000e-01 3.487223e-01 -8.894430e+00 3.487223e-01 -8.894430e+00 -227.471967
1.070000e-01 2.336892e+00 -1.136692e+01 2.336892e+00 -1.136692e+01 -228.481149
1.080000e-01 5.086072e+00 -1.220716e+01 5.086072e+00 -1.220716e+01 -228.213263
1.090000e-01 7.609124e+00 -1.148511e+01 7.609124e+00 -1.148511e+01 -227.003264
1.100000e-01 9.202875e+00 -9.768276e+00 9.202875e+00 -9.768276e+00 -224.995765
1.110000e-01 9.658335e+00 -7.853970e+00 9.658335e+00 -7.853970e+00 -222.378022
1.120000e-01 9.277570e+00 -6.437079e+00 9.277570e+00 -6.437079e+00 -219.472786
1.130000e-01 8.696392e+00 -5.835345e+00 8.696392e+00 -5.835345e+00 -216.736411
1.140000e-01 8.582190e+00 -5.873395e+00 8.582190e+00 -5.873395e+00 -214.622785
1.150000e-01 9.322166e+00 -5.968839e+00 9.322166e+00 -5.968839e+00 -213.195412
1.160000e-01 1.082217e+01 -5.389541e+00 1.082217e+01 -5.389541e+00 -212.093381
1.170000e-01 1.249758e+01 -3.586665e+00 1.249758e+01 -3.586665e+00 -210.967645
1.180000e-01 1.346834e+01 -4.768773e-01 1.346834e+01 -4.768773e-01 -209.635497
1.190000e-01 1.289427e+01 3.438875e+00 1.289427e+01 3.438875e+00 -208.020866
1.200000e-01 1.033161e+01 7.176936e+00 1.033161e+01 7.176936e+00 -206.086608
1.210000e-01 5.977789e+00 9.571374e+00 5.977789e+00 9.571374e+00 -203.823098
1.220000e-01 7.044993e-01 9.677876e+00 7.044993e-01 9.677876e+00 -201.283988
1.230000e-01 -4.149846e+00 7.142797e+00 -4.149846e+00 7.142797e+00 -198.742841
1.240000e-01 -7.173424e+00 2.403507e+00 -7.173424e+00 2.403507e+00 -196.908714
1.250000e-01 -7.336844e+00 -3.362090e+00 -7.336844e+00 -3.362090e+00 -196.464159
1.260000e-01 -4.360197e+00 -8.536431e+00 -4.360197e+00 -8.536431e+00 -197.005712
1.270000e-01 1.136892e+00 -1.152759e+01 1.136892e+00 -1.152759e+01 -197.740262
1.280000e-01 7.762563e+00 -1.125389e+01 7.762563e+00 -1.125389e+01 -198.306293
1.290000e-01 1.372732e+01 -7.491233e+00 1.372732e+01 -7.491233e+00 -198.629046
1.300000e-01 1.735329e+01 -9.673185e-01 1.735329e+01 -9.673185e-01 -198.726718
1.310000e-01 1.755885e+01 6.832327e+00 1.755885e+01 6.832327e+00 -198.631819
1.320000e-01 1.416541e+01 1.408817e+01 1.416541e+01 1.408817e+01 -198.368390
1.330000e-01 7.929780e+00 1.916691e+01 7.929780e+00 1.916691e+01 -197.947452
1.340000e-01 2.948696e-01 2.107368e+01 2.948696e-01 2.107368e+01 -197.367823
1.350000e-01 -7.057021e+00 1.969510e+01 -7.057021e+00 1.969510e+01 -196.617791
1.360000e-01 -1.270112e+01 1.576248e+01 -1.270112e+01 1.576248e+01 -195.680549
1.370000e-01 -1.585669e+01 1.055752e+01 -1.585669e+01 1.055752e+01 -194.538973
1.380000e-01 -1.654308e+01 5.467061e+00 -1.654308e+01 5.467061e+00 -193.187707
1.390000e-01 -1.546559e+01 1.540848e+00 -1.546559e+01 1.540848e+00 -191.656720
1.400000e-01 -1.368368e+01 -7.998768e-01 -1.368368e+01 -7.998768e-01 -190.062002
1.410000e-01 -1.218671e+01 -1.811259e+00 -1.218671e+01 -1.811259e+00 -188.663568
1.420000e-01 -1.153033e+01 -2.228313e+00 -1.153033e+01 -2.228313e+00 -187.801070
1.430000e-01 -1.166125e+01 -2.901020e+00 -1.166125e+01 -2.901020e+00 -187.574713
1.440000e-01 -1.198811e+01 -4.403896e+00 -1.198811e+01 -4.403896e+00 -187.690364
1.450000e-01 -1.166691e+01 -6.765122e+00 -1.166691e+01 -6.765122e+00 -187.754857
1.460000e-01 -9.991932e+00 -9.416693e+00 -9.991932e+00 -9.416693e+00 -187.498842
1.470000e-01 -6.744855e+00 -1.138646e+01 -6.744855e+00 -1.138646e+01 -186.757711
1.480000e-01 -2.369032e+00 -1.166491e+01 -2.369032e+00 -1.166491e+01 -185.399090
1.490000e-01 2.102467e+00 -9.615078e+00 2.102467e+00 -9.615078e+00 -183.289441
1.500000e-01 5.348653e+00 -5.275744e+00 5.348653e+00 -5.275744e+00 -180.462371
1.510000e-01 6.193115e+00 5.569354e-01 6.193115e+00 5.569354e-01 -178.315322
1.520000e-01 4.019239e+00 6.508591e+00 4.019239e+00 6.508591e+00 -179.589758
1.530000e-01 -9.773921e-01 1.101518e+01 -9.773921e-01 1.101518e+01 -182.248647
1.540000e-01 -7.791788e+00 1.279573e+01 -7.791788e+00 1.279573e+01 -184.331755
1.550000e-01 -1.487417e+01 1.125296e+01 -1.487417e+01 1.125296e+01 -185.675304
1.560000e-01 -2.057427e+01 6.667480e+00 -2.057427e+01 6.667480e+00 -186.402671
1.570000e-01 -2.362210e+01 1.196844e-01 -2.362210e+01 1.196844e-01 -186.617564
1.580000e-01 -2.348913e+01 -6.835839e+00 -2.348913e+01 -6.835839e+00 -186.382979
1.590000e-01 -2.051454e+01 -1.263645e+01 -2.051454e+01 -1.263645e+01 -185.729807
1.600000e-01 -1.575969e+01 -1.616556e+01 -1.575969e+01 -1.616556e+01 -184.664844
1.610000e-01 -1.064509e+01 -1.704870e+01 -1.064509e+01 -1.704870e+01 -183.178912
1.620000e-01 -6.494854e+00 -1.570106e+01 -6.494854e+00 -1.570106e+01 -181.268032
1.630000e-01 -4.141054e+00 -1.312144e+01 -4.141054e+00 -1.312144e+01 -179.007915
1.640000e-01 -3.715705e+00 -1.051255e+01 -3.715705e+00 -1.051255e+01 -176.777114
1.650000e-01 -4.689943e+00 -8.863625e+00 -4.689943e+00 -8.863625e+00 -175.472888
1.660000e-01 -6.133645e+00 -8.638865e+00 -6.133645e+00 -8.638865e+00 -175.586356
1.670000e-01 -7.093695e+00 -9.673439e+00 -7.093695e+00 -9.673439e+00 -176.316469
1.680000e-01 -6.951617e+00 -1.130226e+01 -6.951617e+00 -1.130226e+01 -176.857204
1.690000e-01 -5.633703e+00 -1.266390e+01 -5.633703e+00 -1.266390e+01 -176.910667
1.700000e-01 -3.603639e+00 -1.306119e+01 -3.603639e+00 -1.306119e+01 -176.395848
1.710000e-01 -1.648215e+00 -1.224320e+01 -1.648215e+00 -1.224320e+01 -175.281859
1.720000e-01 -5.418731e-01 -1.050493e+01 -5.418731e-01 -1.050493e+01 -173.578310
1.730000e-01 -7.189534e-01 -8.569951e+00 -7.189534e-01 -8.569951e+00 -171.525467
1.740000e-01 -2.078329e+00 -7.301637e+00 -2.078329e+00 -7.301637e+00 -170.141711
1.750000e-01 -3.995644e+00 -7.352216e+00 -3.995644e+00 -7.352216e+00 -170.689264
1.760000e-01 -5.541590e+00 -8.882153e+00 -5.541590e+00 -8.882153e+00 -172.339315
1.770000e-01 -5.828314e+00 -1.145760e+01 -5.828314e+00 -1.145760e+01 -173.827994
1.780000e-01 -4.357715e+00 -1.416943e+01 -4.357715e+00 -1.416943e+01 -174.772463
1.790000e-01 -1.242462e+00 -1.593682e+01 -1.242462e+00 -1.593682e+01 -175.133197
1.800000e-01 2.785591e+00 -1.589033e+01 2.785591e+00 -1.589033e+01 -174.917392
1.810000e-01 6.589812e+00 -1.369866e+01 6.589812e+00 -1.369866e+01 -174.102542
1.820000e-01 8.996584e+00 -9.720328e+00 8.996584e+00 -9.720328e+00 -172.603409
1.830000e-01 9.191102e+00 -4.921924e+00 9.191102e+00 -4.921924e+00 -170.217222
1.840000e-01 7.003788e+00 -5.855964e-01 7.003788e+00 -5.855963e-01 -166.477878
1.850000e-01 2.986295e+00 2.097184e+00 2.986295e+00 2.097184e+00 -160.463918
1.860000e-01 -1.751672e+00 2.407920e+00 -1.751672e+00 2.407920e+00 -158.369597
1.870000e-01 -5.890762e+00 3.291889e-01 -5.890762e+00 3.291890e-01 -163.974058
1.880000e-01 -8.317455e+00 -3.458757e+00 -8.317455e+00 -3.458757e+00 -167.308242
1.890000e-01 -8.465519e+00 -7.810126e+00 -8.465519e+00 -7.810126e+00 -169.096750
1.900000e-01 -6.468695e+00 -1.149273e+01 -6.468695e+00 -1.149273e+01 -169.923021
1.910000e-01 -3.076252e+00 -1.358225e+01 -3.076253e+00 -1.358225e+01 -170.044827
1.920000e-01 6.339292e-01 -1.373610e+01 6.339291e-01 -1.373610e+01 -169.584582
1.930000e-01 3.639852e+00 -1.225537e+01 3.639852e+00 -1.225537e+01 -168.605437
1.940000e-01 5.319762e+00 -9.919261e+00 5.319762e+00 -9.919261e+00 -167.159406
1.950000e-01 5.634987e+00 -7.657489e+00 5.634987e+00 -7.657489e+00 -165.362235
1.960000e-01 5.089275e+00 -6.183247e+00 5.089275e+00 -6.183247e+00 -163.552147
1.970000e-01 4.484085e+00 -5.722395e+00 4.484085e+00 -5.722395e+00 -162.405264
1.980000e-01 4.563511e+00 -5.938663e+00 4.563511e+00 -5.938663e+00 -162.371203
1.990000e-01 5.683029e+00 -6.082711e+00 5.683029e+00 -6.082711e+00 -163.011579
2.000000e-01 7.628272e+00 -5.310468e+00 7.628272e+00 -5.310468e+00 -163.706470
